without_mask 0.111726 85 134 107 163
with_mask 0.130382 410 70 416 100
with_mask 0.236764 113 245 158 334
with_mask 0.497775 355 80 372 114
without_mask 0.508624 272 71 288 93
with_mask 0.520897 320 99 338 130
with_mask 0.549732 212 83 228 119
with_mask 0.561384 379 74 396 98
with_mask 0.615902 1 215 23 276
with_mask 0.627885 310 167 334 203
with_mask 0.683232 281 111 300 142
with_mask 0.739221 151 160 188 225
with_mask 0.746133 26 108 48 143
with_mask 0.755401 133 91 152 128
with_mask 0.787161 236 134 274 211
