with_mask 0.19632 344 112 355 134
with_mask 0.208585 264 142 279 176
with_mask 0.300769 215 117 230 149
with_mask 0.324166 365 101 397 141
with_mask 0.357454 116 100 130 129
without_mask 0.480309 329 115 343 140
with_mask 0.627027 249 133 263 160
with_mask 0.634222 308 109 324 139
with_mask 0.645146 192 119 206 149
with_mask 0.653068 25 109 45 148
with_mask 0.655468 136 123 157 167
with_mask 0.659793 360 98 376 130
with_mask 0.659882 223 114 242 151
with_mask 0.711088 175 211 198 254
with_mask 0.725368 60 135 78 171
with_mask 0.74555 161 116 178 153
with_mask 0.755526 286 149 307 193
with_mask 0.76258 382 106 402 144
