with_mask 0.111556 394 154 405 170
with_mask 0.112716 270 254 283 277
with_mask 0.116376 371 199 380 216
with_mask 0.190845 167 297 178 322
without_mask 0.19111 9 292 22 314
without_mask 0.197589 371 198 381 216
with_incorrect_mask 0.211704 147 265 159 288
with_mask 0.359692 69 281 78 299
without_mask 0.391462 228 393 249 417
with_mask 0.401164 208 177 218 195
with_mask 0.412768 160 236 171 255
with_mask 0.447878 251 193 262 209
without_mask 0.484314 146 265 159 288
with_mask 0.510468 142 229 156 250
with_mask 0.550859 166 268 179 294
with_mask 0.577409 127 281 140 301
with_mask 0.588728 203 275 217 302
with_mask 0.615327 223 235 235 255
with_mask 0.632766 184 246 198 270
with_mask 0.664545 101 298 114 321
with_mask 0.669122 242 226 257 251
with_mask 0.726819 33 287 50 317
with_mask 0.751136 211 303 228 335
