with_mask 0.121299 95 120 109 146
with_mask 0.122999 199 50 213 71
with_mask 0.131433 408 136 417 172
with_mask 0.195892 137 60 153 90
with_mask 0.233406 306 97 319 134
with_mask 0.322 76 109 87 133
with_mask 0.376351 402 48 416 85
with_mask 0.507672 92 123 111 162
with_mask 0.57927 59 104 74 127
with_mask 0.642693 11 91 29 126
with_mask 0.681871 107 43 125 81
with_mask 0.698164 280 100 296 133
with_mask 0.727496 155 107 175 145
with_mask 0.739142 179 76 199 114
with_mask 0.741854 229 83 249 122
with_mask 0.749327 384 73 403 120
with_mask 0.75246 120 106 141 142
with_mask 0.779901 34 83 58 126
with_mask 0.784871 202 96 223 136
with_mask 0.793949 337 81 362 128
