with_mask 0.159586 193 129 205 152
with_mask 0.198846 237 163 249 185
with_mask 0.216253 278 142 291 165
with_mask 0.21639 230 186 244 214
without_mask 0.333632 192 129 205 153
with_mask 0.364904 154 183 172 223
without_mask 0.372079 119 190 133 218
without_mask 0.42611 1 245 10 286
with_mask 0.4788 388 208 411 240
with_mask 0.496994 44 155 58 181
with_mask 0.527927 138 202 156 234
with_mask 0.537246 103 221 119 255
with_mask 0.564547 249 148 262 173
with_mask 0.59051 150 145 166 174
with_mask 0.646936 295 134 310 160
with_mask 0.651355 63 224 96 286
with_mask 0.652137 22 190 43 222
with_mask 0.666028 208 176 228 212
without_mask 0.696576 172 202 202 250
without_mask 0.703091 335 191 361 237
with_mask 0.708326 309 258 348 328
with_mask 0.743804 198 258 236 317
