with_mask 0.121578 267 71 286 106
with_mask 0.282578 212 59 224 78
with_mask 0.299102 187 81 204 106
without_mask 0.378511 268 69 287 104
with_mask 0.43807 199 81 210 102
with_mask 0.461088 11 100 33 128
with_mask 0.477726 207 92 226 128
with_mask 0.479665 323 120 345 158
with_mask 0.57674 184 82 198 107
with_mask 0.662933 277 126 301 177
with_mask 0.665017 103 87 117 120
with_mask 0.686751 329 61 343 87
with_mask 0.692259 162 83 179 111
with_mask 0.697418 70 88 85 114
with_mask 0.729569 366 146 400 214
with_mask 0.746793 229 120 249 163
