without_mask 0.105792 285 24 295 42
with_mask 0.118069 245 2 257 26
with_mask 0.190544 348 19 361 38
without_mask 0.200948 257 1 266 21
without_mask 0.256538 362 11 373 33
with_mask 0.291048 296 1 305 13
with_mask 0.364582 148 27 160 47
with_mask 0.443063 392 29 405 50
with_mask 0.566733 184 22 197 43
with_mask 0.597469 272 43 283 65
with_mask 0.627799 306 10 319 34
with_mask 0.639697 27 80 44 109
with_mask 0.655627 72 33 85 59
with_mask 0.666812 165 48 181 74
with_mask 0.670572 211 22 225 48
with_mask 0.67203 248 94 269 124
with_mask 0.702342 100 101 116 130
with_mask 0.725278 206 128 226 165
