with_mask 0.125942 260 118 279 149
with_mask 0.138669 196 101 215 129
with_mask 0.140257 218 209 245 266
with_incorrect_mask 0.197443 208 285 240 363
with_mask 0.221973 215 67 230 96
with_mask 0.232246 263 41 278 68
with_mask 0.247103 236 48 248 74
with_mask 0.260098 225 116 241 148
with_mask 0.266638 202 132 221 174
with_mask 0.30003 208 280 239 364
with_mask 0.356905 242 74 256 104
with_mask 0.366486 187 153 210 193
with_mask 0.499683 302 43 314 62
with_mask 0.56516 259 159 286 215
with_mask 0.605058 276 63 290 92
with_mask 0.634819 290 152 312 198
with_incorrect_mask 0.696973 24 162 77 264
with_mask 0.722789 322 266 360 349
with_mask 0.777394 155 224 207 324
with_mask 0.795011 254 284 302 383
