with_mask 0.115209 384 110 397 141
without_mask 0.141288 139 74 161 117
without_mask 0.168068 331 11 343 37
without_mask 0.209395 90 79 104 110
with_mask 0.240142 246 74 262 102
with_mask 0.262477 38 97 60 132
with_mask 0.298053 139 71 159 116
with_mask 0.315465 31 70 47 98
with_mask 0.485062 289 110 301 132
without_mask 0.503808 1 68 18 96
without_mask 0.555536 294 50 310 79
without_mask 0.583289 245 76 258 102
with_mask 0.608677 262 63 276 92
with_incorrect_mask 0.632253 187 58 211 102
with_mask 0.65034 341 46 366 87
without_mask 0.723867 72 103 92 139
