with_mask 0.139341 344 75 355 97
with_mask 0.230282 264 104 279 139
without_mask 0.333516 329 77 344 103
with_mask 0.469799 116 62 130 90
with_mask 0.535235 249 94 264 122
with_mask 0.609569 192 80 206 112
with_mask 0.616734 360 60 376 92
with_mask 0.644667 307 69 324 104
with_mask 0.662847 176 173 197 216
with_mask 0.685542 61 98 78 133
with_mask 0.686943 224 75 242 114
with_mask 0.693498 161 79 180 115
with_mask 0.720415 286 110 307 156
with_mask 0.737439 137 87 157 129
with_mask 0.743721 25 72 45 113
with_mask 0.754924 382 69 402 107
