without_mask 0.10681 288 48 300 73
without_mask 0.118237 368 137 381 167
without_mask 0.121603 62 168 75 195
without_mask 0.121883 118 1 128 18
without_mask 0.12192 186 155 194 175
without_mask 0.121951 189 43 199 65
without_mask 0.12971 188 67 200 97
without_mask 0.157718 221 29 244 56
without_mask 0.159188 323 353 332 370
without_mask 0.162791 30 401 49 416
with_mask 0.175805 213 181 228 208
without_mask 0.177086 20 96 33 132
without_mask 0.182635 226 89 237 112
without_mask 0.184676 186 51 197 71
with_mask 0.201667 249 183 264 213
without_mask 0.221873 35 88 50 115
without_mask 0.228831 262 89 272 112
without_mask 0.233573 191 336 206 360
with_mask 0.240034 17 166 31 193
with_mask 0.240197 190 31 201 55
with_mask 0.291153 212 27 224 52
without_mask 0.29594 184 188 197 214
without_mask 0.308582 78 1 88 9
without_mask 0.326597 285 142 297 161
without_mask 0.340487 284 47 293 64
with_mask 0.347015 223 189 237 217
without_mask 0.397118 295 61 306 80
without_mask 0.408025 90 15 102 38
without_mask 0.436743 300 264 313 290
without_mask 0.466124 223 149 240 174
without_mask 0.479893 185 75 198 97
without_mask 0.48723 264 20 275 45
without_mask 0.489741 237 34 248 56
without_mask 0.495469 17 167 32 193
with_mask 0.525258 62 171 76 197
without_mask 0.535218 77 147 91 170
without_mask 0.536053 186 259 201 283
without_mask 0.546888 292 27 302 48
without_mask 0.547251 161 41 172 61
without_mask 0.565374 42 30 56 58
without_mask 0.574013 296 160 310 189
without_mask 0.574413 60 203 77 234
without_mask 0.587765 288 101 302 127
without_mask 0.588401 173 230 185 255
without_mask 0.58956 7 264 24 299
without_mask 0.593797 314 323 328 348
without_mask 0.594823 303 206 316 230
without_mask 0.607711 13 224 26 252
without_mask 0.608479 239 92 250 114
without_mask 0.60859 252 52 263 73
with_mask 0.618742 212 173 224 197
without_mask 0.627502 80 94 95 122
without_mask 0.628166 243 289 256 310
without_mask 0.631778 54 267 71 300
without_mask 0.635037 223 190 238 216
without_mask 0.642038 228 266 241 288
without_mask 0.643225 79 42 94 68
with_mask 0.657249 175 114 187 136
without_mask 0.667457 221 84 233 107
without_mask 0.671148 263 218 277 241
without_mask 0.681728 261 131 274 153
without_mask 0.694616 46 357 65 392
without_mask 0.695931 262 379 272 404
without_mask 0.700715 198 374 213 405
without_mask 0.727172 262 284 275 310
