with_mask 0.163282 355 56 369 81
with_mask 0.16691 342 170 379 241
without_mask 0.188726 341 170 381 241
without_mask 0.193735 186 54 200 85
with_mask 0.215032 45 66 57 94
without_mask 0.224526 167 49 178 74
with_mask 0.251349 320 64 334 93
with_mask 0.258503 59 54 78 79
with_mask 0.339754 212 119 237 162
with_mask 0.445341 170 99 186 133
with_mask 0.492007 134 72 159 117
without_mask 0.494084 148 200 190 310
with_mask 0.506588 186 117 209 165
with_mask 0.558697 264 146 296 209
with_mask 0.591019 29 115 50 158
with_mask 0.673175 106 86 127 127
with_mask 0.71907 65 146 99 212
