with_mask 0.102962 122 50 136 75
with_mask 0.103444 280 285 306 357
without_mask 0.11869 43 159 72 209
without_mask 0.139411 197 26 209 48
without_mask 0.155505 146 57 161 89
without_mask 0.159028 276 88 290 118
with_mask 0.192005 263 7 279 33
with_mask 0.212447 335 24 348 59
with_mask 0.262664 179 79 193 115
with_mask 0.267353 334 183 363 227
with_mask 0.277665 166 46 180 68
with_mask 0.288364 120 85 137 124
with_mask 0.341058 273 141 294 182
with_mask 0.342331 80 95 99 129
with_mask 0.344044 207 393 245 417
without_mask 0.346678 106 122 123 158
with_mask 0.356877 204 56 221 93
with_mask 0.359631 185 56 200 91
without_mask 0.361266 90 56 108 88
with_mask 0.38292 179 232 205 279
with_mask 0.421646 141 120 167 161
with_mask 0.430278 218 98 236 133
without_mask 0.446059 229 33 246 68
with_mask 0.449257 42 155 71 207
with_mask 0.459901 184 165 204 206
without_mask 0.495464 50 99 73 143
without_mask 0.509015 275 33 292 67
with_mask 0.566303 304 197 327 236
without_mask 0.57782 295 46 311 79
without_mask 0.583761 353 269 389 337
with_mask 0.61346 254 192 283 256
with_mask 0.64659 239 336 277 409
without_mask 0.651493 65 242 97 313
without_mask 0.66114 308 84 328 123
with_mask 0.684978 141 181 169 240
with_mask 0.702463 135 312 175 397
with_mask 0.713137 223 181 249 236
without_mask 0.713686 96 292 126 363
without_mask 0.720128 247 66 269 106
