with_mask 0.114818 183 80 209 119
with_mask 0.127137 6 68 17 95
without_mask 0.161329 181 80 208 116
with_mask 0.199928 234 23 246 47
without_mask 0.214566 244 41 258 71
with_mask 0.268961 351 70 369 105
with_mask 0.398482 273 40 291 72
without_mask 0.500737 316 1 332 40
with_mask 0.509919 178 28 192 55
without_mask 0.666118 113 130 139 178
with_mask 0.674011 384 146 416 211
with_mask 0.716528 372 53 392 97
with_mask 0.74364 313 138 340 199
with_mask 0.755381 284 324 345 416
with_mask 0.756616 206 123 248 216
with_mask 0.757375 9 225 76 369
with_mask 0.768813 88 204 131 297
with_mask 0.769224 156 169 189 243
with_mask 0.77013 251 131 288 214
