with_mask 0.106936 61 1 81 27
with_mask 0.2139 236 95 267 171
with_mask 0.215404 101 332 165 417
with_mask 0.241373 126 59 156 130
with_mask 0.247297 138 1 155 35
with_mask 0.308901 280 1 300 22
with_mask 0.366155 218 282 257 353
with_mask 0.416379 98 1 117 30
without_mask 0.438886 212 18 233 60
with_mask 0.451752 374 49 400 110
with_mask 0.547424 75 161 108 250
with_mask 0.572895 340 113 368 180
with_mask 0.597185 210 120 239 187
with_mask 0.599954 167 1 191 31
with_mask 0.611376 8 70 44 146
with_mask 0.614991 95 356 133 417
with_mask 0.623246 44 14 67 76
with_mask 0.670317 304 139 331 204
with_mask 0.702251 157 314 201 414
with_mask 0.710325 315 243 352 323
with_mask 0.710578 385 144 416 225
with_mask 0.721954 158 110 191 183
with_mask 0.732061 120 191 160 286
with_mask 0.744646 28 195 64 281
