with_mask 0.101135 409 223 417 250
with_mask 0.112666 279 207 287 223
with_mask 0.119211 259 201 267 213
with_mask 0.146943 207 1 216 7
with_mask 0.171381 269 65 280 88
with_mask 0.187806 63 202 75 222
with_mask 0.363483 322 7 334 28
with_mask 0.364635 335 2 344 20
without_mask 0.37465 381 18 391 36
with_mask 0.392415 111 59 124 78
with_mask 0.410777 27 111 40 131
with_mask 0.413536 393 135 404 156
with_mask 0.449476 139 138 152 158
with_mask 0.507505 241 37 251 57
with_mask 0.524047 122 22 135 44
with_mask 0.528416 95 117 107 139
with_mask 0.548468 173 3 184 23
with_mask 0.550592 243 154 255 178
with_mask 0.55487 38 161 52 181
with_mask 0.559588 375 272 387 295
with_mask 0.568286 213 57 225 74
with_mask 0.571138 25 18 36 40
with_mask 0.581621 344 36 355 56
with_mask 0.590094 203 34 214 49
with_mask 0.616677 121 83 132 105
with_mask 0.657659 36 186 49 211
with_mask 0.658088 98 349 113 374
with_mask 0.665218 57 12 68 32
with_mask 0.66678 56 58 69 80
with_mask 0.6711 314 143 327 168
with_mask 0.672186 367 195 380 216
with_mask 0.682148 390 295 406 319
with_mask 0.684046 257 90 271 115
with_mask 0.697321 128 193 143 219
with_mask 0.700447 177 218 192 246
with_mask 0.700968 22 72 35 94
with_mask 0.702224 230 73 241 94
with_mask 0.704921 65 231 81 260
with_mask 0.707542 44 319 59 342
with_mask 0.707916 289 313 304 345
with_mask 0.708694 328 216 341 238
with_mask 0.71294 9 138 22 162
with_mask 0.713002 150 326 167 355
with_mask 0.720257 220 193 236 216
with_mask 0.732813 54 366 71 398
