with_mask 0.159795 238 268 267 352
without_mask 0.250454 345 128 360 156
with_mask 0.252551 376 157 411 201
with_mask 0.281035 201 46 214 68
without_mask 0.398767 175 168 196 208
with_mask 0.469245 226 136 243 171
with_mask 0.470883 67 305 85 351
without_mask 0.474841 270 69 286 96
with_mask 0.48638 159 33 174 61
with_mask 0.655661 239 48 254 78
with_mask 0.689939 125 84 143 115
with_mask 0.718287 10 350 42 415
with_mask 0.721541 191 222 217 291
with_mask 0.732794 168 85 182 117
with_mask 0.744189 309 67 323 92
with_mask 0.764759 102 252 151 354
