with_mask 0.140341 202 79 221 128
with_incorrect_mask 0.144047 208 266 241 352
with_mask 0.167104 261 63 279 102
with_mask 0.219125 196 45 215 78
with_mask 0.266791 214 5 229 39
with_mask 0.30932 218 171 251 250
with_mask 0.404406 207 255 240 356
with_mask 0.414353 224 62 241 98
with_mask 0.464356 185 103 210 155
with_mask 0.564011 259 113 288 179
with_mask 0.565412 241 12 257 45
with_mask 0.640438 276 1 291 34
with_mask 0.661644 289 103 313 158
with_incorrect_mask 0.663273 23 112 79 238
with_mask 0.73517 321 237 361 336
with_mask 0.759245 254 259 302 375
with_mask 0.759305 155 191 207 308
