with_mask 0.100973 106 23 116 55
with_mask 0.121176 354 6 379 34
with_mask 0.125617 97 27 112 71
with_mask 0.132034 305 9 316 30
with_mask 0.135281 374 4 390 32
without_mask 0.212172 308 44 320 67
with_mask 0.25879 386 1 397 15
with_mask 0.3453 368 11 382 37
with_mask 0.400848 323 3 335 29
with_mask 0.409127 269 29 282 55
with_mask 0.48223 348 1 361 27
with_mask 0.500683 226 18 238 44
with_mask 0.506722 261 70 284 123
with_mask 0.531949 90 38 106 75
with_mask 0.609784 333 46 347 78
with_mask 0.65759 52 221 86 293
with_mask 0.676169 130 182 154 240
with_mask 0.697226 216 80 237 126
with_mask 0.702669 163 104 184 150
with_mask 0.772621 225 143 250 200
