without_mask 0.113203 301 271 316 295
with_mask 0.180005 4 46 19 85
with_mask 0.272445 149 166 161 192
with_mask 0.415104 198 96 219 145
with_incorrect_mask 0.444392 60 243 81 287
without_mask 0.576012 31 127 54 170
with_mask 0.593755 22 61 45 107
with_mask 0.606839 259 137 277 178
with_mask 0.627008 3 314 33 386
with_mask 0.652343 105 127 131 183
with_mask 0.653704 204 259 228 308
with_mask 0.671455 189 19 213 66
with_mask 0.672596 360 54 388 102
with_mask 0.678847 375 215 402 254
with_mask 0.679907 40 274 66 329
with_mask 0.701252 333 1 352 26
with_mask 0.748427 99 22 119 61
with_mask 0.761168 266 18 287 66
with_mask 0.764176 223 295 251 351
with_mask 0.766943 300 10 326 65
with_mask 0.775013 145 349 171 404
