with_mask 0.108578 54 1 70 22
with_mask 0.11003 274 179 282 195
with_mask 0.110161 146 73 154 94
with_mask 0.118926 272 45 283 63
with_mask 0.119559 297 195 308 216
with_mask 0.122064 254 263 265 278
with_mask 0.122982 138 60 146 77
with_mask 0.133948 122 238 131 260
with_mask 0.139178 214 20 223 37
with_mask 0.140597 122 189 132 209
with_mask 0.140841 172 12 180 28
with_mask 0.142377 110 99 120 120
with_mask 0.147707 234 406 246 417
with_mask 0.150306 359 104 372 125
without_mask 0.197289 122 190 133 208
with_mask 0.207732 66 281 76 305
with_mask 0.210582 232 137 244 159
with_mask 0.212247 279 41 287 57
with_mask 0.218403 161 155 170 166
with_mask 0.222348 196 369 204 386
with_mask 0.231499 182 234 191 253
with_mask 0.238154 318 26 327 44
with_mask 0.247313 165 322 182 348
with_mask 0.247552 297 172 308 189
with_mask 0.254666 103 78 112 96
with_mask 0.266685 128 94 136 109
with_mask 0.285963 111 27 118 40
with_mask 0.295553 375 40 384 53
with_mask 0.307335 179 146 190 165
with_mask 0.308696 56 103 66 121
with_mask 0.329796 187 235 198 256
with_mask 0.33418 367 98 375 116
without_mask 0.338394 111 102 121 120
with_mask 0.339409 134 1 142 14
with_mask 0.349768 398 118 407 136
with_mask 0.350154 214 192 223 208
with_mask 0.356563 257 157 269 176
with_mask 0.363264 383 192 396 218
with_mask 0.366309 34 53 45 71
with_mask 0.367928 232 4 241 22
with_mask 0.370167 28 320 42 342
with_mask 0.377126 356 36 366 53
with_mask 0.388947 183 5 192 21
with_mask 0.39643 273 107 280 123
with_mask 0.409787 239 131 248 149
with_mask 0.410198 352 112 362 127
without_mask 0.410752 146 75 156 95
with_mask 0.424461 153 192 163 215
with_mask 0.435378 241 107 249 124
with_mask 0.439391 341 1 357 25
with_mask 0.446032 27 192 38 216
with_mask 0.463625 194 119 204 140
with_mask 0.465773 216 74 227 91
with_mask 0.47381 146 145 154 161
with_mask 0.496224 161 317 172 343
with_mask 0.504935 121 245 132 270
with_mask 0.511102 278 384 289 408
with_mask 0.513009 168 54 179 74
without_mask 0.514327 65 284 76 305
with_mask 0.519317 287 153 296 173
with_mask 0.521793 267 52 277 70
with_mask 0.524741 194 240 203 260
without_mask 0.536999 43 253 55 275
with_mask 0.564614 207 142 216 161
with_mask 0.575614 313 162 323 183
with_mask 0.577866 51 144 62 165
with_mask 0.588103 256 348 270 374
with_mask 0.589387 333 75 341 92
with_mask 0.598898 2 204 13 222
with_mask 0.60929 199 259 211 282
with_mask 0.611943 253 228 264 247
with_mask 0.617784 380 146 390 164
with_mask 0.627681 182 176 192 196
with_mask 0.630436 109 159 120 182
with_mask 0.631943 155 104 166 124
with_mask 0.635146 406 267 417 290
with_mask 0.641747 228 147 239 169
with_mask 0.642282 390 375 401 400
with_mask 0.646496 308 193 320 213
with_mask 0.651748 51 198 64 219
with_mask 0.657277 108 272 121 295
with_mask 0.661484 160 278 171 302
with_mask 0.689292 403 361 415 388
with_mask 0.696139 173 323 185 349
with_mask 0.699559 407 231 417 254
with_mask 0.719529 135 358 148 384
with_mask 0.720928 297 239 310 263
