without_mask 0.121635 371 12 387 41
with_mask 0.167016 321 1 336 31
with_mask 0.32185 87 37 102 66
without_mask 0.366145 87 37 103 65
with_mask 0.398959 107 1 122 23
with_mask 0.40717 80 5 94 35
with_mask 0.526188 337 360 399 416
with_mask 0.547778 164 17 180 45
with_mask 0.593356 214 134 237 187
with_mask 0.601514 15 33 30 63
with_mask 0.630371 58 15 76 52
with_mask 0.656663 201 75 227 123
with_mask 0.662468 340 59 359 103
with_mask 0.714503 290 35 315 90
with_mask 0.741968 152 72 180 129
with_mask 0.792121 259 39 280 85
