with_mask 0.105693 205 179 223 214
with_mask 0.10804 133 193 145 217
with_mask 0.155492 117 163 128 189
with_mask 0.164776 187 139 199 167
with_mask 0.191141 30 162 41 183
with_mask 0.196545 354 167 369 195
with_mask 0.199196 142 157 154 183
with_mask 0.2861 48 208 62 242
with_mask 0.293541 169 253 180 279
with_mask 0.321848 88 185 104 221
with_mask 0.392012 22 230 35 257
with_mask 0.501061 209 222 227 287
with_mask 0.551586 216 185 231 222
with_mask 0.578569 387 148 411 191
with_mask 0.616228 259 184 278 224
with_mask 0.624531 13 186 26 212
with_mask 0.708343 302 216 353 343
with_mask 0.727695 121 250 146 304
with_mask 0.787963 62 183 88 241
