with_mask 0.109476 20 167 46 226
with_mask 0.134411 284 155 313 204
with_mask 0.2516 300 154 320 198
without_mask 0.316711 70 136 84 162
without_mask 0.317843 314 167 343 232
with_incorrect_mask 0.352166 314 170 343 235
without_mask 0.361975 201 108 216 144
without_mask 0.482173 283 117 303 155
without_mask 0.505802 175 136 195 179
without_mask 0.5101 332 128 345 155
with_mask 0.579322 363 128 381 165
without_mask 0.608354 231 94 255 136
with_mask 0.622686 156 131 173 172
with_mask 0.664297 270 161 290 208
without_mask 0.695938 387 140 411 183
with_mask 0.708819 127 182 152 230
with_mask 0.749562 197 165 228 234
