without_mask 0.101257 173 91 205 150
with_mask 0.1456 3 145 19 185
without_mask 0.14649 263 51 278 80
without_mask 0.14698 264 4 275 27
with_mask 0.147891 238 12 248 32
with_mask 0.14958 89 18 105 40
with_incorrect_mask 0.161282 262 52 279 82
with_mask 0.204767 152 51 165 76
with_mask 0.252036 134 53 146 79
with_mask 0.278141 152 74 168 102
without_mask 0.342485 191 30 206 62
with_mask 0.354272 43 41 56 70
with_mask 0.377513 220 32 236 66
with_mask 0.423104 171 222 204 287
without_mask 0.434287 284 14 296 35
without_mask 0.445587 3 209 46 264
without_mask 0.457945 233 89 256 136
with_mask 0.466783 315 26 332 60
with_mask 0.527609 321 65 339 99
without_mask 0.537446 137 108 165 173
with_incorrect_mask 0.552254 174 92 201 149
without_mask 0.571121 78 48 98 92
with_mask 0.598823 131 7 144 33
without_mask 0.605053 38 296 86 387
without_mask 0.653903 95 133 130 202
with_mask 0.6542 296 182 331 268
with_mask 0.654433 102 58 118 93
with_mask 0.686279 342 86 366 135
with_mask 0.720889 35 109 76 188
with_mask 0.722472 216 202 273 311
with_mask 0.725908 315 262 368 370
with_mask 0.734363 1 60 25 110
with_mask 0.738401 122 220 168 320
