with_mask 0.131002 287 156 297 172
with_mask 0.135051 4 143 15 163
with_mask 0.140917 76 171 88 191
with_mask 0.149666 287 140 295 153
with_mask 0.344992 306 171 316 191
with_mask 0.370149 238 138 250 159
with_mask 0.409544 162 154 172 170
with_mask 0.447662 2 213 37 268
with_mask 0.468127 368 157 377 175
with_mask 0.487541 409 177 417 205
with_mask 0.493013 91 142 103 160
with_mask 0.499644 46 156 56 172
with_mask 0.630435 31 167 43 189
with_mask 0.642707 177 174 191 198
with_mask 0.717342 334 166 354 201
with_mask 0.748427 215 166 236 201
with_mask 0.777057 99 181 140 249
