with_mask 0.112122 320 164 329 180
with_mask 0.12596 409 151 416 169
with_mask 0.154586 138 146 149 164
with_mask 0.219822 4 140 15 158
with_mask 0.243409 162 153 172 168
with_mask 0.304974 287 136 296 149
with_mask 0.324391 289 155 297 169
with_mask 0.346313 238 138 250 158
with_mask 0.39062 3 216 38 265
with_mask 0.398432 46 154 55 170
with_mask 0.400546 75 169 89 188
with_mask 0.473866 367 155 377 175
with_mask 0.482045 91 142 102 160
with_mask 0.534646 306 173 317 190
with_mask 0.570838 408 179 417 203
with_mask 0.643127 177 174 192 198
with_mask 0.653441 29 165 42 189
with_mask 0.718429 334 164 354 201
with_mask 0.746493 215 167 235 201
with_mask 0.780031 97 180 140 249
