with_mask 0.105005 345 91 356 112
with_mask 0.161312 274 122 302 157
with_mask 0.183041 264 119 278 149
with_mask 0.360631 116 84 129 107
without_mask 0.497105 330 96 343 120
with_mask 0.552135 360 82 375 110
with_mask 0.595697 250 114 263 136
with_mask 0.59782 192 100 206 128
with_mask 0.635531 308 92 324 121
with_mask 0.667925 178 180 197 214
with_mask 0.696896 61 113 78 144
with_mask 0.698017 224 96 242 128
with_mask 0.705044 162 98 179 129
with_mask 0.7303 25 92 45 125
with_mask 0.751246 383 91 402 124
with_mask 0.759645 137 103 156 140
with_mask 0.769096 287 126 306 164
