without_mask 0.115264 308 1 323 9
with_mask 0.118988 208 1 226 17
with_mask 0.139873 136 151 175 209
without_mask 0.140847 377 313 401 352
without_mask 0.181478 137 152 173 208
without_mask 0.214404 101 94 121 133
with_mask 0.216677 132 32 161 75
with_mask 0.230117 338 2 359 34
without_mask 0.242921 271 366 326 417
with_mask 0.249782 292 282 334 350
with_mask 0.257438 332 70 352 106
with_mask 0.281467 194 20 215 60
without_mask 0.403785 296 85 320 129
without_mask 0.411547 352 35 374 76
without_mask 0.450353 247 235 280 303
with_mask 0.456513 118 2 136 34
without_mask 0.511961 81 162 108 218
with_mask 0.513067 328 165 362 226
with_mask 0.546591 189 118 221 164
with_mask 0.550115 369 104 397 149
with_mask 0.562845 52 10 73 51
with_mask 0.581399 397 19 416 55
without_mask 0.605211 128 354 176 416
without_mask 0.607427 172 44 193 79
without_mask 0.627804 226 82 250 122
without_mask 0.629006 249 23 277 66
without_mask 0.676168 26 28 52 71
without_mask 0.708497 83 19 110 70
without_mask 0.734433 128 234 178 304
without_mask 0.747544 11 165 46 227
with_mask 0.74886 266 131 304 203
with_mask 0.759547 60 304 116 405
