with_mask 0.23197 377 71 393 105
with_mask 0.235533 310 184 358 272
with_mask 0.421897 331 81 357 129
with_mask 0.453638 221 162 244 208
with_mask 0.510663 192 74 205 104
with_mask 0.565043 201 132 222 165
with_mask 0.566412 86 72 108 109
with_mask 0.587313 384 163 404 209
with_mask 0.594594 143 54 160 84
with_mask 0.628226 48 51 70 87
with_mask 0.653513 93 159 118 189
with_mask 0.656426 257 219 297 313
with_mask 0.671056 36 196 62 239
with_mask 0.69535 12 142 32 173
with_mask 0.696705 271 123 299 173
with_mask 0.71829 254 61 272 96
with_mask 0.753423 144 167 166 213
