without_mask 0.143884 145 209 159 232
with_mask 0.170009 36 1 54 14
with_mask 0.18458 196 38 215 69
without_mask 0.21741 36 1 54 14
with_mask 0.3636 51 274 72 313
without_mask 0.597138 16 180 42 213
with_mask 0.660997 225 317 255 360
with_mask 0.667002 206 287 230 328
with_mask 0.670074 346 17 365 45
with_mask 0.675052 27 298 53 345
with_mask 0.68584 265 184 285 218
with_mask 0.689488 95 180 122 223
with_mask 0.692244 375 119 404 158
with_mask 0.702355 8 122 32 161
with_mask 0.705178 392 245 417 285
with_mask 0.708049 199 153 223 192
without_mask 0.712785 10 1 31 30
with_mask 0.719309 1 332 19 388
with_mask 0.723769 90 92 113 124
with_mask 0.731447 191 89 217 127
with_mask 0.765072 347 61 366 96
with_mask 0.769341 108 5 132 44
with_mask 0.773337 311 85 338 128
with_mask 0.775175 140 358 168 404
with_mask 0.782606 272 88 294 128
