with_mask 0.104204 104 135 112 150
with_mask 0.109459 1 163 10 202
with_mask 0.153743 264 156 275 178
with_mask 0.176329 260 93 278 123
with_mask 0.270376 379 258 410 339
with_mask 0.287921 88 138 101 167
with_mask 0.388035 44 143 55 165
with_mask 0.414319 7 171 24 200
with_mask 0.47804 1 139 9 157
with_mask 0.518179 241 180 254 213
with_mask 0.629905 126 181 141 213
with_mask 0.634332 32 210 48 241
with_mask 0.6939 74 157 98 203
with_mask 0.694021 280 189 293 222
with_mask 0.718434 321 195 389 331
with_mask 0.740284 155 154 177 207
with_mask 0.749115 176 227 202 288
