with_mask 0.108538 1 1 15 25
with_mask 0.189596 264 123 279 156
with_mask 0.238518 345 90 356 113
with_mask 0.333652 249 113 264 142
with_mask 0.379527 329 95 343 120
with_mask 0.467757 115 80 130 109
with_mask 0.610237 192 99 205 130
with_mask 0.643264 309 89 324 122
with_mask 0.656504 360 79 375 110
with_mask 0.684886 222 94 242 133
with_mask 0.693971 176 191 197 232
with_mask 0.699928 162 97 180 134
with_mask 0.705249 136 103 158 148
with_mask 0.70734 25 89 45 130
with_mask 0.741712 61 117 79 151
with_mask 0.743787 286 130 306 174
with_mask 0.757726 383 88 402 126
