with_mask 0.112021 215 214 235 249
with_mask 0.135307 251 140 265 166
with_mask 0.155525 300 232 329 302
with_mask 0.168721 59 61 74 96
without_mask 0.180816 105 84 118 114
without_mask 0.201631 310 67 323 98
with_mask 0.228566 105 84 120 115
with_mask 0.253512 206 75 220 102
without_mask 0.266215 205 74 218 102
with_mask 0.27039 364 128 376 152
without_mask 0.279211 231 148 249 180
without_mask 0.397289 380 136 396 170
with_mask 0.486236 235 183 263 245
with_mask 0.523126 378 341 412 417
with_mask 0.532054 141 68 177 124
with_mask 0.560223 144 155 177 217
with_mask 0.617927 256 244 286 310
