with_mask 0.187334 26 107 35 124
with_mask 0.259388 31 131 44 151
with_incorrect_mask 0.337206 106 142 121 166
with_mask 0.409492 89 79 100 95
with_mask 0.41107 189 86 202 105
with_mask 0.423774 122 209 136 232
with_mask 0.443686 107 141 120 165
with_mask 0.466289 123 97 135 119
with_mask 0.530194 57 139 68 159
with_mask 0.574295 256 132 268 160
with_mask 0.581949 57 93 69 114
with_mask 0.611227 139 162 156 184
with_mask 0.61375 145 314 174 362
with_mask 0.616409 59 165 74 196
with_mask 0.652967 35 234 65 271
with_mask 0.654296 226 93 241 120
with_mask 0.671005 215 145 230 176
with_mask 0.698969 184 177 209 212
with_mask 0.739398 90 214 114 248
with_mask 0.753655 306 168 336 211
