without_mask 0.101898 319 198 334 228
without_mask 0.217004 320 194 335 216
without_mask 0.218015 185 158 200 185
without_mask 0.22678 345 185 354 200
with_incorrect_mask 0.364561 99 222 112 244
without_mask 0.449686 179 155 190 174
without_mask 0.534792 292 178 307 197
without_mask 0.572559 191 166 202 186
without_mask 0.579177 249 169 264 191
without_mask 0.581928 269 162 280 183
with_incorrect_mask 0.632316 75 159 95 180
without_mask 0.639365 146 160 161 182
without_mask 0.651634 358 196 373 214
with_incorrect_mask 0.689975 111 155 126 181
with_mask 0.693671 217 163 232 186
