with_mask 0.146039 104 288 141 358
with_mask 0.161288 368 395 407 417
with_mask 0.238149 390 1 415 10
without_mask 0.317498 92 386 124 416
with_mask 0.326954 112 148 133 209
with_mask 0.347173 129 390 169 415
with_mask 0.40747 6 394 42 417
with_mask 0.571013 393 35 417 99
with_mask 0.604534 235 198 267 260
with_mask 0.609497 309 1 338 19
with_mask 0.610241 336 88 371 166
with_mask 0.616295 28 279 58 339
with_mask 0.669313 4 13 40 84
with_mask 0.714115 54 21 88 94
with_mask 0.721307 289 279 323 354
with_mask 0.722238 391 128 417 207
with_mask 0.736505 321 337 359 412
with_mask 0.739588 63 134 97 199
with_mask 0.751161 376 246 413 330
with_mask 0.762314 206 334 240 405
with_mask 0.782742 330 214 367 295
with_mask 0.789419 197 211 233 292
