with_mask 0.104917 1 30 5 50
with_mask 0.122161 148 211 160 234
with_incorrect_mask 0.22893 59 272 80 314
with_mask 0.269333 300 295 314 317
without_mask 0.383937 49 1 64 15
with_mask 0.411959 3 109 19 146
with_mask 0.448854 60 272 80 314
with_mask 0.474904 196 38 214 72
without_mask 0.546199 31 181 52 214
with_mask 0.600951 21 122 45 163
with_mask 0.625123 333 20 350 47
with_mask 0.639509 202 285 226 327
with_mask 0.644213 360 122 387 158
without_mask 0.649097 23 2 43 34
with_mask 0.654322 257 185 277 221
with_mask 0.673595 373 245 401 285
with_mask 0.674991 103 178 128 227
with_mask 0.682379 197 154 217 192
with_mask 0.684097 189 92 213 128
with_mask 0.69014 332 67 351 97
with_mask 0.720898 264 90 287 129
with_mask 0.720919 38 299 64 346
with_mask 0.72524 98 93 119 126
with_mask 0.748103 223 315 250 362
with_mask 0.751856 3 331 33 390
with_mask 0.764867 300 87 323 129
with_mask 0.780811 143 362 168 404
with_mask 0.794161 114 6 136 49
