without_mask 0.1584 228 69 254 118
without_mask 0.264865 215 10 231 55
with_mask 0.325152 125 2 142 39
without_mask 0.399221 237 66 253 101
with_mask 0.414023 12 1 32 15
with_mask 0.4901 97 50 119 88
with_mask 0.562587 191 144 219 197
without_mask 0.587498 168 6 187 43
with_mask 0.636869 336 63 352 98
without_mask 0.663513 219 86 241 128
with_mask 0.685919 379 124 400 159
with_mask 0.720344 273 33 295 78
with_mask 0.726476 310 172 338 217
with_mask 0.750711 132 48 159 97
with_mask 0.769874 5 213 54 346
