with_mask 0.100174 165 44 174 58
with_mask 0.109672 322 33 335 53
with_mask 0.110221 52 121 63 150
with_mask 0.114397 220 220 227 233
with_mask 0.116697 301 37 309 52
with_mask 0.12379 351 93 360 106
without_mask 0.124943 316 1 325 12
with_mask 0.130611 247 157 258 174
with_mask 0.13271 85 116 98 138
with_mask 0.136398 286 177 298 196
with_mask 0.139783 285 168 294 184
without_mask 0.141741 53 115 63 128
with_mask 0.14484 63 252 73 272
with_mask 0.145228 225 139 236 159
with_mask 0.14528 259 1 267 12
with_mask 0.145994 172 16 178 29
with_mask 0.149805 143 18 151 31
with_mask 0.149831 141 91 150 112
with_mask 0.150489 118 40 127 56
with_mask 0.168004 203 47 211 62
with_mask 0.168606 271 232 278 247
with_mask 0.17436 359 62 366 75
with_mask 0.178764 264 57 273 69
with_mask 0.182074 53 32 63 51
with_mask 0.189495 213 192 224 206
with_mask 0.19157 128 31 135 44
with_mask 0.192736 337 121 346 134
with_mask 0.213819 370 22 377 35
with_mask 0.216186 147 1 156 14
with_mask 0.220646 111 227 122 248
with_mask 0.223605 207 28 216 43
with_mask 0.231126 98 93 106 109
with_mask 0.231302 381 124 390 141
with_mask 0.23171 342 50 352 76
with_mask 0.23278 208 90 216 104
without_mask 0.235547 63 253 75 271
without_mask 0.240643 43 228 54 247
with_mask 0.242708 221 37 229 52
with_mask 0.245645 343 37 354 61
with_mask 0.248976 203 181 211 195
with_mask 0.26001 234 16 242 32
with_mask 0.263946 183 88 191 103
with_mask 0.267688 176 38 183 52
with_mask 0.269484 53 115 63 133
with_mask 0.277903 123 107 130 120
with_mask 0.299622 232 116 239 129
with_mask 0.300007 409 336 417 356
with_mask 0.309157 161 20 168 34
with_mask 0.309288 188 318 197 336
with_mask 0.309507 318 92 327 105
with_mask 0.311412 261 115 270 130
with_mask 0.333813 229 138 237 151
without_mask 0.334725 107 113 115 128
with_mask 0.3606 185 219 193 234
with_mask 0.371444 389 210 399 229
without_mask 0.377657 116 181 127 199
with_mask 0.387865 274 150 284 169
without_mask 0.394277 140 92 150 110
with_mask 0.402453 162 74 171 91
with_mask 0.40701 159 283 174 305
with_mask 0.423202 185 125 196 144
with_mask 0.425914 339 60 349 77
with_mask 0.428863 255 74 263 88
with_mask 0.42998 154 280 165 300
with_mask 0.437398 351 108 359 124
with_mask 0.438527 368 183 380 205
with_mask 0.4503 298 157 308 175
with_mask 0.461948 27 183 35 201
with_mask 0.479295 243 205 255 225
with_mask 0.488924 199 144 208 158
with_mask 0.494832 51 144 61 162
with_mask 0.507715 140 145 149 160
with_mask 0.509505 292 182 304 200
with_mask 0.538813 105 155 115 174
with_mask 0.539617 145 181 155 201
with_mask 0.54312 2 189 12 207
with_mask 0.550516 191 235 203 254
with_mask 0.559364 148 112 158 129
with_mask 0.565424 174 171 184 188
with_mask 0.569025 393 402 409 416
with_mask 0.577049 115 221 126 243
with_mask 0.590479 245 305 257 327
with_mask 0.595309 219 146 229 165
with_mask 0.612138 130 310 141 333
with_mask 0.612938 102 241 114 261
with_mask 0.616407 373 323 385 344
with_mask 0.623298 264 331 276 353
with_mask 0.631342 152 249 163 268
with_mask 0.644227 166 284 177 305
with_mask 0.645864 362 146 373 162
with_mask 0.651939 368 396 383 417
with_mask 0.661803 49 184 62 205
with_mask 0.667261 223 351 236 371
with_mask 0.682608 387 313 399 334
with_mask 0.686089 95 378 110 405
with_mask 0.693256 285 219 296 239
with_mask 0.694195 308 368 321 393
with_mask 0.709373 166 376 178 399
with_mask 0.721379 388 241 400 261
