with_mask 0.104017 238 1 253 26
with_mask 0.108522 1 1 9 10
with_mask 0.12267 212 319 244 390
with_mask 0.14137 362 1 373 9
with_mask 0.1536 59 289 80 337
with_incorrect_mask 0.211875 60 287 79 334
with_mask 0.364702 143 396 168 417
with_mask 0.503774 258 183 278 225
without_mask 0.514016 30 172 54 219
with_mask 0.518322 196 142 218 192
with_mask 0.534345 20 105 46 157
with_mask 0.57737 333 1 350 14
with_mask 0.59073 113 1 133 13
with_mask 0.596496 102 174 130 230
with_mask 0.600466 373 255 401 304
with_mask 0.62035 193 2 216 45
with_mask 0.638472 359 103 387 151
with_mask 0.688344 38 319 64 377
with_mask 0.693137 202 303 228 356
with_mask 0.701204 189 64 213 113
with_mask 0.721461 3 361 33 417
with_mask 0.725742 98 66 119 111
with_mask 0.73311 332 37 351 73
with_mask 0.743776 223 341 250 398
with_mask 0.760937 264 64 287 113
with_mask 0.761752 300 58 326 114
