with_mask 0.19535 43 131 60 157
with_mask 0.219464 52 104 63 127
with_mask 0.296378 392 129 406 156
with_mask 0.353131 22 106 35 135
with_mask 0.366315 277 154 294 187
with_mask 0.412756 154 127 166 154
with_mask 0.59941 119 125 139 157
with_mask 0.612185 384 237 417 329
with_mask 0.61471 88 176 110 213
with_mask 0.673856 385 175 405 203
with_mask 0.677673 166 136 183 174
with_mask 0.705895 118 171 146 220
with_mask 0.710816 362 137 376 169
with_mask 0.723034 301 211 339 276
with_mask 0.724252 313 122 332 159
with_mask 0.732614 331 310 391 410
with_mask 0.748052 243 137 274 182
with_mask 0.75008 62 287 113 374
with_mask 0.778511 185 176 215 234
with_mask 0.784768 24 193 72 268
