with_mask 0.120031 293 196 308 223
without_mask 0.127125 292 194 307 223
with_mask 0.131722 134 50 146 72
with_mask 0.168827 199 12 220 33
with_mask 0.188829 332 400 362 416
with_mask 0.252432 90 230 103 259
with_mask 0.266893 3 34 16 49
with_mask 0.286762 245 1 255 14
with_mask 0.38972 199 90 229 119
with_mask 0.424319 180 16 191 33
with_mask 0.496429 118 4 131 22
with_mask 0.548532 210 13 222 35
with_mask 0.560677 262 113 279 138
with_mask 0.571275 81 47 94 68
with_mask 0.573502 1 210 12 240
with_mask 0.602644 336 16 348 38
with_mask 0.603334 105 168 118 190
with_mask 0.621507 304 19 315 38
with_mask 0.623198 262 15 272 37
with_mask 0.624432 404 73 417 99
with_mask 0.630389 397 134 410 159
with_mask 0.634427 346 199 363 223
with_mask 0.639105 69 71 81 94
with_mask 0.653387 217 89 233 117
with_mask 0.654939 402 222 414 248
with_mask 0.662542 49 150 63 174
with_mask 0.664036 369 67 382 93
with_mask 0.665221 230 192 245 216
with_mask 0.665644 154 10 165 29
with_mask 0.66601 335 121 345 143
with_mask 0.686373 158 253 179 283
with_mask 0.688621 195 39 207 61
with_mask 0.692739 193 95 209 120
with_mask 0.694907 72 223 89 253
with_mask 0.696674 150 75 163 100
with_mask 0.700023 283 64 296 86
with_mask 0.708428 232 51 244 73
with_mask 0.711477 189 186 205 212
with_mask 0.714276 137 162 153 186
with_mask 0.715353 2 154 17 170
with_mask 0.727449 30 72 44 95
with_mask 0.732537 114 83 128 107
with_mask 0.73337 322 56 336 79
with_mask 0.742663 293 114 309 141
with_mask 0.744163 266 259 287 290
with_mask 0.744945 199 355 224 391
with_mask 0.751519 28 323 47 361
with_mask 0.757474 127 336 150 373
with_mask 0.757673 319 299 342 333
with_mask 0.760265 40 222 60 252
with_mask 0.763694 2 67 17 90
with_mask 0.776213 217 265 236 295
with_mask 0.784996 82 323 104 360
