without_mask 0.102437 104 143 120 173
without_mask 0.102628 144 74 160 104
without_mask 0.103963 113 8 129 32
without_mask 0.137174 329 51 338 74
with_mask 0.147861 144 214 158 242
without_mask 0.167464 24 61 43 99
without_mask 0.170955 155 77 167 109
with_mask 0.176046 90 1 112 12
without_mask 0.247663 203 72 217 103
without_mask 0.250072 141 76 152 100
without_mask 0.324654 308 56 322 82
with_mask 0.375778 166 198 184 235
with_mask 0.39685 352 104 371 149
with_mask 0.425091 361 51 381 86
without_mask 0.494455 106 372 136 416
with_mask 0.582266 53 233 79 286
without_mask 0.587022 2 72 21 106
without_mask 0.61471 271 31 291 69
without_mask 0.630064 116 52 135 85
with_mask 0.638906 131 206 149 242
without_mask 0.644704 55 2 69 26
with_mask 0.68929 28 190 51 234
