without_mask 0.148065 230 68 254 116
without_mask 0.328652 215 8 231 56
with_mask 0.415242 125 2 145 43
with_mask 0.417426 12 1 32 17
without_mask 0.444486 236 66 253 99
with_mask 0.553727 96 50 119 87
without_mask 0.616203 168 5 187 44
with_mask 0.637815 191 145 220 198
without_mask 0.670863 218 86 241 128
with_mask 0.679064 336 63 352 98
with_mask 0.693811 380 124 401 159
with_mask 0.729036 310 174 338 217
with_mask 0.755293 273 33 295 79
with_mask 0.773752 5 213 54 346
with_mask 0.780698 133 48 159 97
