1 0.870192 0.16226 0.0336538 0.0600962 0.163282
1 0.864183 0.49399 0.0889423 0.170673 0.16691
2 0.865385 0.491587 0.0961538 0.170673 0.188726
2 0.463942 0.167067 0.0336538 0.0745192 0.193735
1 0.122596 0.189904 0.0288462 0.0673077 0.215032
2 0.414663 0.145433 0.0264423 0.0600962 0.224526
1 0.783654 0.1875 0.0336538 0.0673077 0.251349
1 0.16226 0.157452 0.0456731 0.0600962 0.258503
1 0.53726 0.335337 0.0600962 0.103365 0.339754
1 0.425481 0.278846 0.0384615 0.0817308 0.445341
1 0.352163 0.227163 0.0600962 0.108173 0.492007
2 0.405048 0.610577 0.103365 0.264423 0.494084
1 0.472356 0.338942 0.0552885 0.115385 0.506588
1 0.671875 0.424279 0.0793269 0.151442 0.558697
1 0.0925481 0.326923 0.0504808 0.105769 0.591019
1 0.280048 0.253606 0.0504808 0.0985577 0.673175
1 0.194712 0.430288 0.0817308 0.158654 0.71907
