1 0.951923 0.307692 0.0432692 0.0817308 0.621681
1 0.564904 0.253606 0.0384615 0.0889423 0.63162
1 0.277644 0.191106 0.0360577 0.0793269 0.648364
1 0.651442 0.296875 0.0384615 0.0841346 0.681
1 0.83774 0.340144 0.0408654 0.0841346 0.687352
1 0.229567 0.282452 0.0408654 0.0985577 0.688811
1 0.439904 0.260817 0.0384615 0.0889423 0.703328
1 0.741587 0.292067 0.0360577 0.0841346 0.720308
1 0.137019 0.276442 0.0384615 0.0865385 0.732236
1 0.335337 0.234375 0.0408654 0.0889423 0.742674
1 0.0288462 0.265625 0.0432692 0.09375 0.76934
