2 0.769231 0.453125 0.0288462 0.0504808 0.131168
0 0.824519 0.581731 0.0528846 0.0913462 0.165452
1 0.769231 0.455529 0.0288462 0.0504808 0.176522
1 0.629808 0.376202 0.0288462 0.0552885 0.345928
2 0.498798 0.402644 0.03125 0.0697115 0.483483
1 0.277644 0.459135 0.03125 0.0625 0.511166
1 0.865385 0.425481 0.0336538 0.0432692 0.577642
2 0.822115 0.574519 0.0432692 0.0817308 0.591612
1 0.106971 0.426683 0.0456731 0.09375 0.607262
1 0.460337 0.569712 0.0552885 0.0913462 0.675195
1 0.61899 0.527644 0.0552885 0.0745192 0.73195
