1 0.903846 0.175481 0.0240385 0.0432692 0.290359
1 0.936298 0.197115 0.03125 0.0528846 0.364535
1 0.485577 0.16226 0.0336538 0.0552885 0.385638
1 0.835337 0.22476 0.0264423 0.0504808 0.602164
1 0.129808 0.195913 0.0336538 0.0745192 0.645651
1 0.878606 0.225962 0.0360577 0.0625 0.64734
1 0.558894 0.175481 0.0456731 0.0769231 0.72224
1 0.246394 0.216346 0.0504808 0.0817308 0.733449
1 0.63101 0.366587 0.0456731 0.0841346 0.736812
1 0.433894 0.111779 0.0552885 0.108173 0.750902
1 0.771635 0.204327 0.0432692 0.0769231 0.75094
1 0.975962 0.147837 0.0432692 0.0889423 0.766185
1 0.686298 0.144231 0.0408654 0.0817308 0.769097
