1 0.176683 0.25601 0.03125 0.0456731 0.109284
2 0.361779 0.254808 0.03125 0.0673077 0.22235
1 0.213942 0.266827 0.0336538 0.0576923 0.227265
1 0.155048 0.257212 0.0216346 0.0384615 0.300449
1 0.263221 0.126202 0.0264423 0.0504808 0.404429
1 0.223558 0.276442 0.0240385 0.0480769 0.419266
1 0.277644 0.235577 0.0264423 0.0576923 0.510095
1 0.19351 0.25601 0.0264423 0.0504808 0.544067
1 0.981971 0.28125 0.0360577 0.105769 0.556079
1 0.719952 0.322115 0.0360577 0.0769231 0.665169
1 0.481971 0.228365 0.0408654 0.0673077 0.683671
1 0.612981 0.290865 0.0480769 0.0769231 0.728895
1 0.838942 0.290865 0.0528846 0.100962 0.748035
