1 0.590144 0.0300481 0.0360577 0.0600962 0.104017
1 0.00961538 0.0120192 0.0192308 0.0240385 0.108522
1 0.546875 0.852163 0.0793269 0.170673 0.12267
1 0.88101 0.0108173 0.0264423 0.0216346 0.14137
1 0.167067 0.751202 0.0504808 0.112981 0.1536
0 0.167067 0.746394 0.0456731 0.112981 0.211875
1 0.373798 0.97476 0.0600962 0.0504808 0.364702
1 0.641827 0.487981 0.0480769 0.100962 0.503774
2 0.0985577 0.46875 0.0576923 0.110577 0.514016
1 0.497596 0.401442 0.0528846 0.120192 0.518322
1 0.078125 0.3125 0.0600962 0.125 0.534345
1 0.820913 0.015625 0.0408654 0.03125 0.57737
1 0.295673 0.0144231 0.0480769 0.0288462 0.59073
1 0.278846 0.484375 0.0673077 0.137019 0.596496
1 0.930288 0.670673 0.0673077 0.115385 0.600466
1 0.489183 0.0552885 0.0552885 0.105769 0.62035
1 0.894231 0.305288 0.0673077 0.115385 0.638472
1 0.122596 0.836538 0.0625 0.139423 0.688344
1 0.515625 0.792067 0.0600962 0.127404 0.693137
1 0.483173 0.21274 0.0576923 0.117788 0.701204
1 0.0408654 0.933894 0.0721154 0.132212 0.721461
1 0.260817 0.210337 0.0504808 0.108173 0.725742
1 0.820913 0.129808 0.0456731 0.0865385 0.73311
1 0.566106 0.888221 0.0649038 0.137019 0.743776
1 0.659856 0.21274 0.0552885 0.117788 0.760937
1 0.75 0.205529 0.0625 0.132212 0.761752
