2 0.709135 0.236779 0.0240385 0.0504808 0.118754
1 0.424279 0.296875 0.0264423 0.0552885 0.159302
1 0.585337 0.239183 0.0264423 0.0600962 0.331237
2 0.585337 0.242788 0.03125 0.0625 0.400921
1 0.350962 0.265625 0.0288462 0.0745192 0.50954
1 0.967548 0.375 0.0600962 0.0721154 0.515189
2 0.0384615 0.225962 0.0384615 0.0721154 0.553791
1 0.159856 0.277644 0.0264423 0.0456731 0.655603
1 0.304087 0.230769 0.0504808 0.100962 0.689434
1 0.530048 0.286058 0.0360577 0.0721154 0.693166
1 0.0961538 0.280048 0.0721154 0.127404 0.726006
1 0.627404 0.314904 0.0384615 0.0673077 0.728662
1 0.790865 0.336538 0.0480769 0.0913462 0.770483
