2 0.694712 0.0769231 0.0240385 0.0432692 0.105792
1 0.600962 0.0336538 0.0288462 0.0576923 0.118069
1 0.852163 0.0673077 0.03125 0.0480769 0.190544
2 0.626202 0.0240385 0.0216346 0.0480769 0.200948
2 0.88101 0.0516827 0.0264423 0.0504808 0.256538
1 0.719952 0.0144231 0.0216346 0.0288462 0.291048
1 0.370192 0.0865385 0.0288462 0.0480769 0.364582
1 0.955529 0.09375 0.03125 0.0528846 0.443063
1 0.455529 0.0757212 0.03125 0.0504808 0.566733
1 0.667067 0.127404 0.0264423 0.0528846 0.597469
1 0.75 0.0516827 0.0336538 0.0552885 0.627799
1 0.0841346 0.227163 0.0432692 0.0697115 0.639697
1 0.1875 0.109375 0.0288462 0.0600962 0.655627
1 0.413462 0.144231 0.0384615 0.0625 0.666812
1 0.521635 0.0829327 0.0336538 0.0600962 0.670572
1 0.621394 0.262019 0.0504808 0.0721154 0.67203
1 0.257212 0.277644 0.0384615 0.0697115 0.702342
1 0.516827 0.352163 0.0480769 0.0889423 0.725278
