2 0.908654 0.0612981 0.0384615 0.0697115 0.121635
1 0.789663 0.0360577 0.0360577 0.0721154 0.167016
1 0.227163 0.123798 0.0360577 0.0697115 0.32185
2 0.228365 0.122596 0.0384615 0.0673077 0.366145
1 0.27524 0.0276442 0.0360577 0.0552885 0.398959
1 0.206731 0.0456731 0.0336538 0.0721154 0.40717
1 0.884615 0.932692 0.149038 0.134615 0.526188
1 0.411058 0.0733173 0.0384615 0.0697115 0.547778
1 0.542067 0.385817 0.0552885 0.127404 0.593356
1 0.0528846 0.112981 0.0384615 0.0721154 0.601514
1 0.158654 0.0805288 0.0432692 0.0889423 0.630371
1 0.514423 0.236779 0.0625 0.117788 0.656663
1 0.840144 0.192308 0.0456731 0.105769 0.662468
1 0.72476 0.147837 0.0600962 0.132212 0.714503
1 0.399038 0.239183 0.0673077 0.137019 0.741968
1 0.645433 0.149038 0.0504808 0.110577 0.792121
