1 0.508413 0.247596 0.0456731 0.115385 0.140341
0 0.53726 0.742788 0.0793269 0.206731 0.144047
1 0.646635 0.198317 0.0432692 0.09375 0.167104
1 0.49399 0.145433 0.0456731 0.0793269 0.219125
1 0.53125 0.0504808 0.0384615 0.0817308 0.266791
1 0.5625 0.503606 0.0769231 0.189904 0.30932
1 0.534856 0.733173 0.0793269 0.240385 0.404406
1 0.558894 0.189904 0.0408654 0.0865385 0.414353
1 0.472356 0.310096 0.0600962 0.125 0.464356
1 0.65625 0.348558 0.0673077 0.158654 0.564011
1 0.596154 0.0685096 0.0384615 0.0793269 0.565412
1 0.679087 0.0396635 0.0360577 0.0793269 0.640438
1 0.721154 0.3125 0.0576923 0.129808 0.661644
0 0.121394 0.419471 0.132212 0.305288 0.663273
1 0.817308 0.6875 0.0961538 0.235577 0.73517
1 0.668269 0.762019 0.115385 0.278846 0.759245
1 0.435096 0.597356 0.125 0.28125 0.759305
