2 0.704327 0.143029 0.0288462 0.0600962 0.10681
2 0.897837 0.362981 0.03125 0.0721154 0.118237
2 0.164663 0.436298 0.03125 0.0649038 0.121603
2 0.295673 0.0204327 0.0240385 0.0408654 0.121883
2 0.454327 0.394231 0.0192308 0.0480769 0.12192
2 0.466346 0.127404 0.0240385 0.0528846 0.121951
2 0.466346 0.194712 0.0288462 0.0721154 0.12971
2 0.558894 0.102163 0.0552885 0.0649038 0.157718
2 0.784856 0.86899 0.0216346 0.0408654 0.159188
2 0.09375 0.981971 0.0480769 0.0360577 0.162791
1 0.530048 0.467548 0.0360577 0.0649038 0.175805
2 0.0625 0.274038 0.0336538 0.0865385 0.177086
2 0.55649 0.239183 0.0264423 0.0552885 0.182635
2 0.457933 0.144231 0.0264423 0.0480769 0.184676
1 0.614183 0.473558 0.0360577 0.0721154 0.201667
2 0.102163 0.241587 0.0360577 0.0649038 0.221873
2 0.640625 0.239183 0.0264423 0.0552885 0.228831
2 0.477163 0.836538 0.0360577 0.0576923 0.233573
1 0.0552885 0.429087 0.0336538 0.0649038 0.240034
1 0.46875 0.100962 0.0240385 0.0576923 0.240197
1 0.521635 0.0925481 0.0288462 0.0600962 0.291153
2 0.455529 0.483173 0.03125 0.0625 0.29594
2 0.199519 0.00961538 0.0240385 0.0192308 0.308582
2 0.699519 0.361779 0.0288462 0.0456731 0.326597
2 0.691106 0.13101 0.0216346 0.0408654 0.340487
1 0.550481 0.485577 0.0336538 0.0673077 0.347015
2 0.719952 0.169471 0.0264423 0.0456731 0.397118
2 0.230769 0.0625 0.0288462 0.0576923 0.408025
2 0.734375 0.665865 0.03125 0.0625 0.436743
2 0.55649 0.388221 0.0408654 0.0600962 0.466124
2 0.457933 0.204327 0.03125 0.0528846 0.479893
2 0.645433 0.0757212 0.0264423 0.0600962 0.48723
2 0.580529 0.108173 0.0264423 0.0528846 0.489741
2 0.0564904 0.432692 0.0360577 0.0625 0.495469
1 0.163462 0.439904 0.0336538 0.0625 0.525258
2 0.201923 0.378606 0.0336538 0.0552885 0.535218
2 0.465144 0.651442 0.0360577 0.0576923 0.536053
2 0.713942 0.0901442 0.0240385 0.0504808 0.546888
2 0.40024 0.122596 0.0264423 0.0480769 0.547251
2 0.117788 0.105769 0.0336538 0.0673077 0.565374
2 0.728365 0.419471 0.0336538 0.0697115 0.574013
2 0.16226 0.52524 0.0408654 0.0745192 0.574413
2 0.706731 0.271635 0.0336538 0.0625 0.587765
2 0.430288 0.580529 0.0288462 0.0600962 0.588401
2 0.0360577 0.674279 0.0432692 0.0841346 0.58956
2 0.769231 0.804087 0.0336538 0.0600962 0.593797
2 0.741587 0.521635 0.03125 0.0576923 0.594823
2 0.0444712 0.572115 0.03125 0.0673077 0.607711
2 0.58774 0.247596 0.0264423 0.0528846 0.608479
2 0.61899 0.147837 0.0264423 0.0504808 0.60859
1 0.521635 0.442308 0.0288462 0.0576923 0.618742
2 0.207933 0.259615 0.0360577 0.0673077 0.627502
2 0.597356 0.71875 0.03125 0.0528846 0.628166
2 0.15024 0.679087 0.0408654 0.0793269 0.631778
2 0.551683 0.485577 0.0360577 0.0625 0.635037
2 0.5625 0.665865 0.0288462 0.0528846 0.642038
2 0.205529 0.129808 0.0360577 0.0625 0.643225
1 0.435096 0.298077 0.0288462 0.0528846 0.657249
2 0.545673 0.229567 0.0288462 0.0552885 0.667457
2 0.649038 0.549279 0.0336538 0.0552885 0.671148
2 0.640625 0.341346 0.03125 0.0528846 0.681728
2 0.13101 0.90024 0.0456731 0.0841346 0.694616
2 0.640625 0.938702 0.0264423 0.0600962 0.695931
2 0.491587 0.936298 0.0360577 0.0745192 0.700715
2 0.643029 0.713942 0.03125 0.0625 0.727172
