2 0.782452 0.512019 0.0360577 0.0721154 0.101898
2 0.784856 0.490385 0.0360577 0.0528846 0.217004
2 0.460337 0.409856 0.0360577 0.0649038 0.218015
2 0.840144 0.46274 0.0216346 0.0360577 0.22678
0 0.251202 0.560096 0.03125 0.0528846 0.364561
2 0.441106 0.393029 0.0264423 0.0456731 0.449686
2 0.71875 0.450721 0.0384615 0.0456731 0.534792
2 0.469952 0.421875 0.0264423 0.0456731 0.572559
2 0.614183 0.432692 0.0360577 0.0528846 0.579177
2 0.657452 0.41226 0.0264423 0.0504808 0.581928
0 0.203125 0.40625 0.0456731 0.0528846 0.632316
2 0.36899 0.408654 0.0360577 0.0528846 0.639365
2 0.876202 0.490385 0.0360577 0.0432692 0.651634
0 0.282452 0.403846 0.0360577 0.0625 0.689975
1 0.53726 0.419471 0.0360577 0.0552885 0.693671
