2 0.453125 0.28726 0.0793269 0.141827 0.101257
1 0.0240385 0.394231 0.0384615 0.0961538 0.1456
2 0.65024 0.15625 0.0360577 0.0673077 0.14649
2 0.645433 0.0348558 0.0264423 0.0552885 0.14698
1 0.581731 0.0528846 0.0240385 0.0480769 0.147891
1 0.233173 0.0673077 0.0384615 0.0528846 0.14958
0 0.65024 0.158654 0.0408654 0.0721154 0.161282
1 0.378606 0.152644 0.03125 0.0600962 0.204767
1 0.336538 0.15625 0.0288462 0.0625 0.252036
1 0.382212 0.209135 0.0384615 0.0673077 0.278141
2 0.477163 0.109375 0.0360577 0.0793269 0.342485
1 0.11899 0.13101 0.03125 0.0697115 0.354272
1 0.546875 0.115385 0.0360577 0.0817308 0.377513
1 0.450721 0.609375 0.0793269 0.15625 0.423104
2 0.694712 0.0576923 0.0288462 0.0528846 0.434287
2 0.0576923 0.566106 0.100962 0.132212 0.445587
2 0.58774 0.268029 0.0552885 0.112981 0.457945
1 0.777644 0.103365 0.0408654 0.0817308 0.466783
1 0.793269 0.197115 0.0432692 0.0817308 0.527609
2 0.360577 0.33774 0.0673077 0.15625 0.537446
0 0.450721 0.28726 0.0649038 0.137019 0.552254
2 0.209135 0.168269 0.0480769 0.105769 0.571121
1 0.328125 0.0480769 0.03125 0.0625 0.598823
2 0.149038 0.820913 0.115385 0.21875 0.605053
2 0.268029 0.402644 0.0841346 0.165865 0.653903
1 0.751202 0.540865 0.0841346 0.206731 0.6542
1 0.264423 0.18149 0.0384615 0.0841346 0.654433
1 0.848558 0.264423 0.0576923 0.120192 0.686279
1 0.133413 0.356971 0.0985577 0.189904 0.720889
1 0.58774 0.614183 0.137019 0.262019 0.722472
1 0.81851 0.757212 0.127404 0.259615 0.725908
1 0.0288462 0.203125 0.0576923 0.122596 0.734363
1 0.346154 0.649038 0.110577 0.240385 0.738401
