1 0.0709135 0.277644 0.0216346 0.0408654 0.187334
1 0.0901442 0.338942 0.03125 0.0480769 0.259388
0 0.270433 0.370192 0.0360577 0.0576923 0.337206
1 0.22476 0.206731 0.0264423 0.0384615 0.409492
1 0.46875 0.229567 0.0336538 0.0456731 0.41107
1 0.310096 0.530048 0.0336538 0.0552885 0.423774
1 0.270433 0.367788 0.03125 0.0576923 0.443686
1 0.310096 0.259615 0.0288462 0.0528846 0.466289
1 0.15024 0.358173 0.0264423 0.0480769 0.530194
1 0.627404 0.348558 0.0288462 0.0673077 0.574295
1 0.151442 0.248798 0.0288462 0.0504808 0.581949
1 0.354567 0.413462 0.0408654 0.0528846 0.611227
1 0.38101 0.811298 0.0697115 0.112981 0.61375
1 0.157452 0.433894 0.0360577 0.0745192 0.616409
1 0.120192 0.606971 0.0721154 0.0889423 0.652967
1 0.561298 0.253606 0.0360577 0.0649038 0.654296
1 0.532452 0.385817 0.0360577 0.0745192 0.671005
1 0.469952 0.467548 0.0600962 0.0841346 0.698969
1 0.245192 0.555288 0.0576923 0.0817308 0.739398
1 0.769231 0.454327 0.0721154 0.105769 0.753655
