1 0.0180288 0.0288462 0.0360577 0.0576923 0.108538
1 0.652644 0.332933 0.0360577 0.0793269 0.189596
1 0.842548 0.24399 0.0264423 0.0552885 0.238518
1 0.614183 0.304087 0.0360577 0.0697115 0.333652
1 0.807692 0.258413 0.0336538 0.0600962 0.379527
1 0.294471 0.22476 0.0360577 0.0697115 0.467757
1 0.477163 0.272837 0.03125 0.0745192 0.610237
1 0.760817 0.251202 0.0360577 0.0793269 0.643264
1 0.88101 0.22476 0.0360577 0.0745192 0.656504
1 0.557692 0.270433 0.0480769 0.09375 0.684886
1 0.448317 0.508413 0.0504808 0.0985577 0.693971
1 0.408654 0.277644 0.0432692 0.0889423 0.699928
1 0.350962 0.299279 0.0528846 0.108173 0.705249
1 0.0841346 0.263221 0.0480769 0.0985577 0.70734
1 0.168269 0.319712 0.0432692 0.0817308 0.741712
1 0.711538 0.362981 0.0480769 0.105769 0.743787
1 0.941106 0.254808 0.0456731 0.0913462 0.757726
