1 0.501202 0.24399 0.0649038 0.112981 0.1048
2 0.728365 0.242788 0.0576923 0.129808 0.329224
2 0.234375 0.112981 0.0600962 0.100962 0.405478
1 0.620192 0.379808 0.0913462 0.144231 0.450261
1 0.353365 0.197115 0.0480769 0.0769231 0.489278
1 0.949519 0.127404 0.0769231 0.120192 0.491932
1 0.260817 0.715144 0.180288 0.305288 0.647541
1 0.789663 0.532452 0.0985577 0.213942 0.661001
1 0.414663 0.340144 0.0745192 0.108173 0.684311
2 0.826923 0.234375 0.0769231 0.141827 0.712103
1 0.956731 0.280048 0.0673077 0.146635 0.7136
1 0.561298 0.653846 0.185096 0.307692 0.729919
0 0.0997596 0.223558 0.0841346 0.192308 0.730869
