1 0.606971 0.745192 0.0697115 0.201923 0.159795
2 0.844952 0.341346 0.0360577 0.0673077 0.250454
1 0.945913 0.427885 0.0841346 0.105769 0.252551
1 0.498798 0.137019 0.03125 0.0528846 0.281035
2 0.445913 0.451923 0.0504808 0.0961538 0.398767
1 0.5625 0.366587 0.0432692 0.0841346 0.469245
1 0.182692 0.786058 0.0432692 0.110577 0.470883
2 0.668269 0.198317 0.0384615 0.0649038 0.474841
1 0.397837 0.110577 0.0360577 0.0673077 0.48638
1 0.592548 0.151442 0.0360577 0.0721154 0.655661
1 0.319712 0.236779 0.0432692 0.0745192 0.689939
1 0.0600962 0.919471 0.0769231 0.15625 0.718287
1 0.487981 0.614183 0.0625 0.165865 0.721541
1 0.420673 0.242788 0.0336538 0.0769231 0.732794
1 0.757212 0.188702 0.0336538 0.0600962 0.744189
1 0.301683 0.728365 0.117788 0.245192 0.764759
