1 0.645433 0.31851 0.0456731 0.0745192 0.125942
1 0.49399 0.276442 0.0456731 0.0673077 0.138669
1 0.55649 0.56851 0.0649038 0.137019 0.140257
0 0.536058 0.778846 0.0769231 0.1875 0.197443
1 0.532452 0.19351 0.0360577 0.0697115 0.221973
1 0.647837 0.128606 0.0360577 0.0649038 0.232246
1 0.579327 0.144231 0.0288462 0.0625 0.247103
1 0.560096 0.314904 0.0384615 0.0769231 0.260098
1 0.50601 0.365385 0.0456731 0.100962 0.266638
1 0.534856 0.774038 0.0745192 0.201923 0.30003
1 0.596154 0.213942 0.0336538 0.0721154 0.356905
1 0.47476 0.415865 0.0552885 0.0961538 0.366486
1 0.737981 0.125 0.0288462 0.0480769 0.499683
1 0.655048 0.449519 0.0649038 0.134615 0.56516
1 0.677885 0.186298 0.0336538 0.0697115 0.605058
1 0.721154 0.420673 0.0528846 0.110577 0.634819
0 0.121394 0.512019 0.127404 0.245192 0.696973
1 0.817308 0.736779 0.0913462 0.199519 0.722789
1 0.435096 0.657452 0.125 0.237981 0.777394
1 0.668269 0.799279 0.115385 0.237981 0.795011
