1 0.780048 0.411058 0.0216346 0.0384615 0.112122
1 0.989183 0.384615 0.0168269 0.0432692 0.12596
1 0.34375 0.372596 0.0240385 0.0432692 0.154586
1 0.0216346 0.358173 0.0240385 0.0432692 0.219822
1 0.401442 0.385817 0.0240385 0.0360577 0.243409
1 0.700721 0.342548 0.0216346 0.03125 0.304974
1 0.703125 0.389423 0.0216346 0.0336538 0.324391
1 0.584135 0.355769 0.0288462 0.0480769 0.346313
1 0.0492788 0.576923 0.0841346 0.120192 0.39062
1 0.121394 0.389423 0.0216346 0.0384615 0.398432
1 0.197115 0.426683 0.0336538 0.0456731 0.400546
1 0.891827 0.394231 0.0240385 0.0480769 0.473866
1 0.231971 0.360577 0.0264423 0.0432692 0.482045
1 0.748798 0.436298 0.0264423 0.0408654 0.534646
1 0.989183 0.456731 0.0216346 0.0576923 0.570838
1 0.441106 0.444712 0.0360577 0.0576923 0.643127
1 0.0853365 0.423077 0.03125 0.0576923 0.653441
1 0.826923 0.4375 0.0480769 0.0865385 0.718429
1 0.540865 0.439904 0.0480769 0.0817308 0.746493
1 0.283654 0.514423 0.100962 0.163462 0.780031
