2 0.362981 0.530048 0.0336538 0.0552885 0.143884
1 0.108173 0.0168269 0.0432692 0.0336538 0.170009
1 0.491587 0.126202 0.0456731 0.0745192 0.18458
2 0.108173 0.0168269 0.0432692 0.0336538 0.21741
1 0.145433 0.703125 0.0504808 0.09375 0.3636
2 0.0685096 0.469952 0.0600962 0.0793269 0.597138
1 0.576923 0.8125 0.0721154 0.105769 0.660997
1 0.521635 0.736779 0.0576923 0.0985577 0.667002
1 0.854567 0.0733173 0.0456731 0.0697115 0.670074
1 0.0949519 0.770433 0.0649038 0.112981 0.675052
1 0.658654 0.483173 0.0480769 0.0817308 0.68584
1 0.260817 0.483173 0.0649038 0.105769 0.689488
1 0.936298 0.330529 0.0697115 0.09375 0.692244
1 0.0456731 0.340144 0.0576923 0.09375 0.702355
1 0.969952 0.637019 0.0600962 0.0961538 0.705178
1 0.504808 0.41226 0.0576923 0.09375 0.708049
2 0.0492788 0.0348558 0.0504808 0.0697115 0.712785
1 0.0228365 0.862981 0.0456731 0.134615 0.719309
1 0.24399 0.257212 0.0552885 0.0769231 0.723769
1 0.487981 0.257212 0.0625 0.0913462 0.731447
1 0.856971 0.1875 0.0456731 0.0817308 0.765072
1 0.286058 0.0576923 0.0576923 0.0961538 0.769341
1 0.780048 0.253606 0.0649038 0.103365 0.773337
1 0.370192 0.915865 0.0673077 0.110577 0.775175
1 0.680288 0.259615 0.0528846 0.0961538 0.782606
