1 0.245192 0.317308 0.0336538 0.0625 0.121299
1 0.495192 0.143029 0.0336538 0.0504808 0.122999
1 0.989183 0.370192 0.0216346 0.0865385 0.131433
1 0.346154 0.177885 0.0384615 0.0721154 0.195892
1 0.75 0.277644 0.0336538 0.0889423 0.233406
1 0.195913 0.290865 0.0264423 0.0576923 0.322
1 0.983173 0.157452 0.0336538 0.0889423 0.376351
1 0.241587 0.342548 0.0456731 0.09375 0.507672
1 0.157452 0.277644 0.0360577 0.0552885 0.57927
1 0.0456731 0.260817 0.0432692 0.0841346 0.642693
1 0.278846 0.146635 0.0432692 0.0913462 0.681871
1 0.689904 0.280048 0.0384615 0.0793269 0.698164
1 0.394231 0.300481 0.0480769 0.0913462 0.727496
1 0.453125 0.225962 0.0456731 0.0913462 0.739142
1 0.574519 0.246394 0.0480769 0.09375 0.741854
1 0.94351 0.231971 0.0456731 0.112981 0.749327
1 0.3125 0.296875 0.0528846 0.0889423 0.75246
1 0.109375 0.25 0.0552885 0.105769 0.779901
1 0.510817 0.278846 0.0504808 0.0961538 0.784871
1 0.840144 0.25 0.0600962 0.110577 0.793949
