1 0.680288 0.460337 0.0769231 0.15625 0.307416
1 0.969952 0.0913462 0.0600962 0.177885 0.379679
0 0.953125 0.47476 0.0841346 0.165865 0.675747
1 0.430288 0.611779 0.0817308 0.165865 0.692377
1 0.543269 0.574519 0.105769 0.259615 0.712064
1 0.463942 0.365385 0.0673077 0.168269 0.715611
1 0.748798 0.248798 0.0697115 0.170673 0.721905
1 0.871394 0.920673 0.122596 0.158654 0.727086
1 0.700721 0.682692 0.108173 0.254808 0.730294
1 0.115385 0.331731 0.115385 0.298077 0.758647
1 0.350962 0.492788 0.105769 0.230769 0.77622
