1 0.719952 0.501202 0.0360577 0.0649038 0.120031
2 0.71875 0.5 0.0384615 0.0673077 0.127125
1 0.334135 0.144231 0.0288462 0.0528846 0.131722
1 0.501202 0.0540865 0.0504808 0.0504808 0.168827
1 0.831731 0.980769 0.0721154 0.0384615 0.188829
1 0.231971 0.58774 0.03125 0.0697115 0.252432
1 0.0204327 0.0973558 0.03125 0.0360577 0.266893
1 0.598558 0.0168269 0.0240385 0.0336538 0.286762
1 0.514423 0.25 0.0721154 0.0673077 0.38972
1 0.445913 0.0576923 0.0264423 0.0432692 0.424319
1 0.296875 0.0288462 0.03125 0.0432692 0.496429
1 0.516827 0.0552885 0.0288462 0.0528846 0.548532
1 0.647837 0.299279 0.0408654 0.0600962 0.560677
1 0.207933 0.138221 0.03125 0.0504808 0.571275
1 0.0132212 0.538462 0.0264423 0.0721154 0.573502
1 0.819712 0.0649038 0.0288462 0.0528846 0.602644
1 0.265625 0.430288 0.03125 0.0528846 0.603334
1 0.741587 0.0685096 0.0264423 0.0456731 0.621507
1 0.640625 0.0600962 0.0264423 0.0528846 0.623198
1 0.984375 0.204327 0.03125 0.0625 0.624432
1 0.96875 0.352163 0.0336538 0.0600962 0.630389
1 0.852163 0.504808 0.0408654 0.0576923 0.634427
1 0.180288 0.198317 0.0288462 0.0552885 0.639105
1 0.538462 0.247596 0.0384615 0.0673077 0.653387
1 0.980769 0.5625 0.0288462 0.0625 0.654939
1 0.132212 0.389423 0.0336538 0.0576923 0.662542
1 0.902644 0.189904 0.03125 0.0625 0.664036
1 0.570913 0.487981 0.0360577 0.0576923 0.665221
1 0.38101 0.0444712 0.0264423 0.0456731 0.665644
1 0.814904 0.314904 0.0240385 0.0528846 0.66601
1 0.405048 0.641827 0.0504808 0.0721154 0.686373
1 0.483173 0.120192 0.0288462 0.0528846 0.688621
1 0.483173 0.25601 0.0384615 0.0600962 0.692739
1 0.191106 0.569712 0.0408654 0.0721154 0.694907
1 0.375 0.207933 0.0288462 0.0600962 0.696674
1 0.695913 0.177885 0.03125 0.0528846 0.700023
1 0.572115 0.146635 0.0288462 0.0528846 0.708428
1 0.471154 0.475962 0.0384615 0.0625 0.711477
1 0.346154 0.418269 0.0384615 0.0576923 0.714276
1 0.0204327 0.389423 0.0360577 0.0384615 0.715353
1 0.0865385 0.200721 0.0336538 0.0552885 0.727449
1 0.290865 0.228365 0.0336538 0.0576923 0.732537
1 0.788462 0.159856 0.0336538 0.0552885 0.73337
1 0.721154 0.304087 0.0384615 0.0649038 0.742663
1 0.664663 0.657452 0.0504808 0.0745192 0.744163
1 0.50601 0.894231 0.0600962 0.0865385 0.744945
1 0.0889423 0.822115 0.0480769 0.0913462 0.751519
1 0.330529 0.84976 0.0552885 0.0889423 0.757474
1 0.794471 0.759615 0.0552885 0.0817308 0.757673
1 0.120192 0.567308 0.0480769 0.0721154 0.760265
1 0.0204327 0.1875 0.0360577 0.0576923 0.763694
1 0.544471 0.671875 0.0456731 0.0745192 0.776213
1 0.221154 0.820913 0.0528846 0.0889423 0.784996
