1 0.840144 0.295673 0.0264423 0.0528846 0.19632
1 0.652644 0.379808 0.0360577 0.0817308 0.208585
1 0.532452 0.317308 0.0360577 0.0769231 0.300769
1 0.913462 0.288462 0.0769231 0.0961538 0.324166
1 0.295673 0.272837 0.0336538 0.0697115 0.357454
2 0.807692 0.304087 0.0336538 0.0600962 0.480309
1 0.612981 0.34976 0.0336538 0.0649038 0.627027
1 0.759615 0.296875 0.0384615 0.0745192 0.634222
1 0.478365 0.319712 0.0336538 0.0721154 0.645146
1 0.0841346 0.308894 0.0480769 0.09375 0.653068
1 0.34976 0.346154 0.0504808 0.105769 0.655468
1 0.882212 0.274038 0.0384615 0.0769231 0.659793
1 0.558894 0.316106 0.0456731 0.0889423 0.659882
1 0.448317 0.558894 0.0552885 0.103365 0.711088
1 0.165865 0.367788 0.0432692 0.0865385 0.725368
1 0.40625 0.323317 0.0432692 0.0889423 0.74555
1 0.710337 0.408654 0.0504808 0.105769 0.755526
1 0.939904 0.298077 0.0480769 0.0913462 0.76258
