2 0.810096 0.0516827 0.0288462 0.0649038 0.145603
1 0.114183 0.266827 0.0456731 0.0913462 0.239712
1 0.610577 0.209135 0.0336538 0.0673077 0.255397
1 0.0913462 0.203125 0.0384615 0.0697115 0.295861
2 0.234375 0.22476 0.0360577 0.0745192 0.296794
1 0.359375 0.222356 0.0504808 0.108173 0.353237
1 0.706731 0.28726 0.0288462 0.0552885 0.428575
2 0.0204327 0.194712 0.0408654 0.0673077 0.486693
2 0.723558 0.155048 0.0384615 0.0697115 0.562628
2 0.604567 0.216346 0.03125 0.0625 0.56653
0 0.477163 0.189904 0.0552885 0.105769 0.618372
1 0.644231 0.186298 0.0336538 0.0697115 0.622053
1 0.847356 0.159856 0.0600962 0.0985577 0.667802
2 0.197115 0.289663 0.0480769 0.0889423 0.730155
