1 0.782452 0.245192 0.03125 0.0769231 0.134552
1 0.496394 0.336538 0.0408654 0.0769231 0.200301
1 0.841346 0.354567 0.0336538 0.0889423 0.211783
1 0.445913 0.277644 0.0360577 0.0697115 0.272641
1 0.579327 0.325721 0.0576923 0.09375 0.681227
1 0.659856 0.429087 0.0552885 0.0889423 0.719515
1 0.478365 0.436298 0.0576923 0.117788 0.743681
1 0.367788 0.359375 0.0480769 0.0889423 0.744287
1 0.293269 0.329327 0.0432692 0.0913462 0.762661
1 0.0853365 0.288462 0.0504808 0.0961538 0.764409
1 0.22476 0.36899 0.0504808 0.09375 0.766289
