2 0.9375 0.201923 0.0192308 0.0432692 0.102199
2 0.713942 0.221154 0.0240385 0.0576923 0.169233
2 0.667067 0.186298 0.0264423 0.0649038 0.171607
2 0.679087 0.221154 0.0264423 0.0576923 0.184176
2 0.263221 0.271635 0.0264423 0.0721154 0.416547
2 0.588942 0.15024 0.0336538 0.0889423 0.438104
2 0.75 0.217548 0.0288462 0.0649038 0.447353
2 0.661058 0.174279 0.0240385 0.0552885 0.556108
2 0.486779 0.201923 0.0504808 0.100962 0.582075
2 0.855769 0.18149 0.0336538 0.0745192 0.651331
2 0.649038 0.28125 0.0384615 0.0769231 0.669907
