2 0.579327 0.219952 0.0576923 0.117788 0.148065
2 0.533654 0.0757212 0.0384615 0.112981 0.328652
1 0.324519 0.0516827 0.0480769 0.0985577 0.415242
1 0.0528846 0.0192308 0.0480769 0.0384615 0.417426
2 0.58774 0.198317 0.0408654 0.0793269 0.444486
1 0.25601 0.16226 0.0552885 0.0889423 0.553727
2 0.424279 0.0564904 0.0456731 0.09375 0.616203
1 0.491587 0.409856 0.0697115 0.127404 0.637815
2 0.549279 0.254808 0.0552885 0.100962 0.670863
1 0.826923 0.191106 0.0384615 0.0841346 0.679064
1 0.9375 0.340144 0.0528846 0.0841346 0.693811
1 0.778846 0.46875 0.0673077 0.105769 0.729036
1 0.682692 0.134615 0.0528846 0.110577 0.755293
1 0.0697115 0.670673 0.120192 0.317308 0.773752
1 0.348558 0.173077 0.0625 0.120192 0.780698
