1 0.840144 0.204327 0.0264423 0.0528846 0.139341
1 0.652644 0.292067 0.0360577 0.0841346 0.230282
2 0.808894 0.216346 0.0360577 0.0625 0.333516
1 0.295673 0.182692 0.0336538 0.0673077 0.469799
1 0.614183 0.259615 0.0360577 0.0673077 0.535235
1 0.475962 0.230769 0.0336538 0.0769231 0.609569
1 0.882212 0.182692 0.0384615 0.0769231 0.616734
1 0.758413 0.205529 0.0408654 0.0841346 0.644667
1 0.448317 0.466346 0.0504808 0.100962 0.662847
1 0.167067 0.277644 0.0408654 0.0841346 0.685542
1 0.560096 0.22476 0.0432692 0.09375 0.686943
1 0.407452 0.233173 0.0456731 0.0865385 0.693498
1 0.710337 0.317308 0.0504808 0.110577 0.720415
1 0.350962 0.257212 0.0480769 0.100962 0.737439
1 0.0829327 0.219952 0.0456731 0.0985577 0.743721
1 0.939904 0.211538 0.0480769 0.0913462 0.754924
