1 0.254808 0.293269 0.0384615 0.0721154 0.129754
1 0.926683 0.361779 0.03125 0.0552885 0.157494
1 0.704327 0.435096 0.0384615 0.0673077 0.5511
1 0.0504808 0.455529 0.0625 0.108173 0.606467
1 0.758413 0.43149 0.03125 0.0504808 0.62267
1 0.245192 0.389423 0.0432692 0.0865385 0.650433
1 0.0420673 0.308894 0.0600962 0.0985577 0.68708
1 0.909856 0.44351 0.0408654 0.0793269 0.71756
1 0.829327 0.314904 0.0961538 0.158654 0.721994
1 0.153846 0.366587 0.0817308 0.161058 0.752419
1 0.508413 0.174279 0.0745192 0.132212 0.769381
