1 0.475962 0.33774 0.0288462 0.0552885 0.159586
1 0.581731 0.418269 0.0288462 0.0528846 0.198846
1 0.683894 0.36899 0.03125 0.0552885 0.216253
1 0.567308 0.480769 0.0336538 0.0673077 0.21639
2 0.47476 0.338942 0.03125 0.0576923 0.333632
1 0.390625 0.485577 0.0408654 0.0961538 0.364904
2 0.300481 0.487981 0.0336538 0.0673077 0.372079
2 0.0120192 0.638221 0.0240385 0.0985577 0.42611
1 0.957933 0.536058 0.0552885 0.0769231 0.4788
1 0.122596 0.403846 0.0336538 0.0625 0.496994
1 0.350962 0.524038 0.0432692 0.0769231 0.527927
1 0.265625 0.569712 0.0360577 0.0817308 0.537246
1 0.611779 0.385817 0.03125 0.0600962 0.564547
1 0.377404 0.383413 0.0384615 0.0697115 0.59051
1 0.727163 0.350962 0.0360577 0.0625 0.646936
1 0.188702 0.611779 0.0793269 0.146635 0.651355
1 0.0757212 0.495192 0.0504808 0.0769231 0.652137
1 0.521635 0.466346 0.0480769 0.0865385 0.666028
2 0.449519 0.543269 0.0721154 0.115385 0.696576
2 0.834135 0.514423 0.0625 0.110577 0.703091
1 0.789663 0.703125 0.09375 0.170673 0.708326
1 0.519231 0.688702 0.0913462 0.141827 0.743804
