1 0.991587 0.534856 0.0168269 0.0360577 0.105689
2 0.65625 0.542067 0.0192308 0.03125 0.132569
2 0.15024 0.530048 0.03125 0.0408654 0.151734
1 0.147837 0.532452 0.0264423 0.0360577 0.229552
1 0.192308 0.625 0.0384615 0.0625 0.631349
0 0.887019 0.526442 0.0432692 0.0865385 0.64656
1 0.737981 0.58774 0.0288462 0.0504808 0.661613
1 0.584135 0.550481 0.0288462 0.0528846 0.66241
1 0.0661058 0.592548 0.03125 0.0600962 0.667106
1 0.429087 0.586538 0.03125 0.0817308 0.670133
1 0.305288 0.5 0.0480769 0.0865385 0.722431
