1 0.760817 0.611779 0.0889423 0.132212 0.107975
1 0.50601 0.546875 0.117788 0.223558 0.222057
0 0.504808 0.526442 0.110577 0.278846 0.303706
1 0.771635 0.560096 0.120192 0.259615 0.389802
2 0.947115 0.0877404 0.0817308 0.170673 0.394945
1 0.487981 0.93149 0.0961538 0.137019 0.435887
1 0.834135 0.933894 0.129808 0.132212 0.687516
1 0.179087 0.9375 0.127404 0.120192 0.701474
1 0.497596 0.144231 0.129808 0.269231 0.720671
1 0.174279 0.518029 0.108173 0.228365 0.757545
1 0.823317 0.111779 0.112981 0.204327 0.764019
1 0.164663 0.115385 0.112981 0.225962 0.776828
