2 0.75601 0.0108173 0.0360577 0.0216346 0.115264
1 0.519231 0.0192308 0.0432692 0.0384615 0.118988
1 0.373798 0.432692 0.09375 0.139423 0.139873
2 0.935096 0.796875 0.0576923 0.09375 0.140847
2 0.372596 0.432692 0.0865385 0.134615 0.181478
2 0.265625 0.270433 0.0456731 0.09375 0.214404
1 0.34976 0.127404 0.0697115 0.100962 0.216677
1 0.83774 0.0420673 0.0504808 0.0793269 0.230117
2 0.716346 0.938702 0.129808 0.122596 0.242921
1 0.751202 0.757212 0.103365 0.163462 0.249782
1 0.819712 0.209135 0.0480769 0.0865385 0.257438
1 0.489183 0.0961538 0.0504808 0.0961538 0.281467
2 0.737981 0.254808 0.0576923 0.105769 0.403785
2 0.872596 0.13101 0.0528846 0.0985577 0.411547
2 0.633413 0.644231 0.0793269 0.163462 0.450353
1 0.302885 0.0420673 0.0432692 0.0793269 0.456513
2 0.227163 0.455529 0.0649038 0.132212 0.511961
1 0.828125 0.46875 0.0841346 0.149038 0.513067
1 0.492788 0.338942 0.0769231 0.110577 0.546591
1 0.920673 0.301683 0.0673077 0.108173 0.550115
1 0.147837 0.0733173 0.0504808 0.0985577 0.562845
1 0.977163 0.0865385 0.0456731 0.0865385 0.581399
2 0.362981 0.924279 0.115385 0.146635 0.605211
2 0.4375 0.145433 0.0528846 0.0841346 0.607427
2 0.572115 0.245192 0.0576923 0.0961538 0.627804
2 0.629808 0.105769 0.0673077 0.100962 0.629006
2 0.0913462 0.11899 0.0625 0.103365 0.676168
2 0.231971 0.106971 0.0649038 0.122596 0.708497
2 0.365385 0.644231 0.120192 0.168269 0.734433
2 0.0661058 0.469952 0.0841346 0.151442 0.747544
1 0.685096 0.401442 0.0913462 0.173077 0.74886
1 0.209135 0.852163 0.134615 0.242788 0.759547
