1 0.9375 0.299279 0.0336538 0.0745192 0.115209
2 0.359375 0.229567 0.0504808 0.103365 0.141288
2 0.810096 0.0552885 0.0288462 0.0625 0.168068
2 0.233173 0.22476 0.0336538 0.0745192 0.209395
1 0.609375 0.209135 0.0360577 0.0673077 0.240142
1 0.115385 0.27524 0.0528846 0.0841346 0.262477
1 0.358173 0.222356 0.0480769 0.108173 0.298053
1 0.0913462 0.201923 0.0384615 0.0673077 0.315465
1 0.706731 0.288462 0.0288462 0.0528846 0.485062
2 0.0204327 0.194712 0.0408654 0.0673077 0.503808
2 0.723558 0.155048 0.0384615 0.0697115 0.555536
2 0.604567 0.213942 0.03125 0.0625 0.583289
1 0.644231 0.186298 0.0336538 0.0697115 0.608677
0 0.475962 0.189904 0.0576923 0.105769 0.632253
1 0.847356 0.157452 0.0600962 0.0985577 0.65034
2 0.197115 0.288462 0.0480769 0.0865385 0.723867
