1 0.0216346 0.0132212 0.0432692 0.0264423 0.146237
1 0.316106 0.109375 0.03125 0.0649038 0.219306
1 0.122596 0.198317 0.0288462 0.0649038 0.275591
1 0.36899 0.115385 0.0264423 0.0673077 0.444616
1 0.0324519 0.169471 0.03125 0.0697115 0.56684
1 0.805288 0.185096 0.0384615 0.0961538 0.654156
1 0.894231 0.147837 0.0384615 0.0841346 0.659058
1 0.268029 0.204327 0.0552885 0.110577 0.706361
1 0.602163 0.168269 0.0408654 0.105769 0.71723
1 0.203125 0.177885 0.0360577 0.0817308 0.720789
1 0.527644 0.204327 0.0408654 0.0913462 0.75241
1 0.715144 0.164663 0.0552885 0.122596 0.781119
