0 0.121394 0.816106 0.0793269 0.170673 0.1149
2 0.121394 0.796875 0.0745192 0.151442 0.196232
2 0.491587 0.0685096 0.03125 0.0793269 0.45562
2 0.388221 0.180288 0.0552885 0.105769 0.507127
2 0.340144 0.0540865 0.0360577 0.0793269 0.548203
0 0.305288 0.479567 0.0817308 0.189904 0.577448
0 0.471154 0.439904 0.100962 0.230769 0.602218
1 0.862981 0.259615 0.0961538 0.158654 0.613117
1 0.534856 0.100962 0.0504808 0.105769 0.696588
2 0.137019 0.165865 0.0625 0.110577 0.712757
1 0.670673 0.248798 0.0625 0.127404 0.714865
1 0.71875 0.676683 0.105769 0.223558 0.760557
