1 0.772837 0.296875 0.0216346 0.0456731 0.114135
1 0.377404 0.323317 0.0336538 0.0745192 0.294566
1 0.266827 0.328125 0.0336538 0.0985577 0.357019
1 0.0216346 0.239183 0.0384615 0.0841346 0.377616
1 0.893029 0.266827 0.03125 0.0721154 0.463694
1 0.135817 0.0973558 0.0649038 0.132212 0.599525
1 0.927885 0.265625 0.0336538 0.0697115 0.615816
1 0.522837 0.159856 0.0456731 0.0985577 0.621525
1 0.658654 0.219952 0.0384615 0.0841346 0.66446
1 0.817308 0.239183 0.0384615 0.0793269 0.680564
1 0.408654 0.137019 0.0432692 0.110577 0.681822
1 0.705529 0.22476 0.0360577 0.0841346 0.705966
