1 0.861779 0.0324519 0.0456731 0.0649038 0.354316
1 0.140625 0.5 0.0697115 0.115385 0.50996
1 0.354567 0.582933 0.0745192 0.122596 0.521119
1 0.183894 0.206731 0.0456731 0.100962 0.523885
1 0.81851 0.625 0.0697115 0.125 0.550778
1 0.903846 0.53726 0.0817308 0.15625 0.602124
1 0.46274 0.241587 0.0504808 0.0985577 0.625488
1 0.605769 0.609375 0.0625 0.112981 0.666495
1 0.705529 0.207933 0.0649038 0.151442 0.676384
1 0.84375 0.28125 0.0576923 0.125 0.679159
1 0.314904 0.198317 0.0576923 0.0985577 0.722915
1 0.0612981 0.213942 0.0552885 0.0961538 0.725305
1 0.527644 0.49399 0.0504808 0.141827 0.72579
