2 0.552885 0.326923 0.0432692 0.0625 0.125606
1 0.557692 0.330529 0.0432692 0.0600962 0.233629
1 0.985577 0.430288 0.0288462 0.134615 0.376942
1 0.75 0.262019 0.0384615 0.0721154 0.486173
1 0.985577 0.294471 0.0288462 0.0697115 0.548307
1 0.391827 0.320913 0.0336538 0.0649038 0.586802
1 0.229567 0.302885 0.0504808 0.0769231 0.660284
1 0.641827 0.316106 0.0480769 0.0841346 0.672089
1 0.455529 0.329327 0.0456731 0.0865385 0.715988
1 0.484375 0.427885 0.0504808 0.0961538 0.759897
1 0.711538 0.328125 0.0576923 0.108173 0.788976
