2 0.230769 0.356971 0.0528846 0.0697115 0.111726
1 0.992788 0.203125 0.0144231 0.0745192 0.130382
1 0.325721 0.695913 0.108173 0.213942 0.236764
1 0.873798 0.233173 0.0408654 0.0817308 0.497775
2 0.671875 0.197115 0.0360577 0.0528846 0.508624
1 0.790865 0.27524 0.0432692 0.0745192 0.520897
1 0.528846 0.242788 0.0384615 0.0865385 0.549732
1 0.929087 0.204327 0.0408654 0.0576923 0.561384
1 0.0276442 0.590144 0.0552885 0.146635 0.615902
1 0.774038 0.442308 0.0576923 0.0865385 0.627885
1 0.698317 0.301683 0.0456731 0.0745192 0.683232
1 0.40625 0.46274 0.0865385 0.15625 0.739221
1 0.0865385 0.299279 0.0528846 0.0841346 0.746133
1 0.342548 0.263221 0.0456731 0.0889423 0.755401
1 0.610577 0.414663 0.0913462 0.185096 0.787161
