2 0.621394 0.46875 0.0697115 0.139423 0.154461
2 0.53726 0.284856 0.0745192 0.15625 0.159622
2 0.700721 0.15024 0.0600962 0.137019 0.235051
2 0.486779 0.269231 0.0600962 0.139423 0.353032
2 0.128606 0.283654 0.0697115 0.153846 0.393637
2 0.959135 0.34976 0.0576923 0.141827 0.430871
2 0.1875 0.40625 0.0673077 0.139423 0.599846
2 0.253606 0.242788 0.0600962 0.125 0.640363
2 0.612981 0.659856 0.0769231 0.170673 0.644629
1 0.885817 0.629808 0.0841346 0.225962 0.705767
2 0.195913 0.592548 0.0697115 0.151442 0.726866
2 0.341346 0.533654 0.0769231 0.182692 0.741615
1 0.449519 0.557692 0.0913462 0.230769 0.773214
