1 0.990385 0.566106 0.0192308 0.0649038 0.101135
1 0.677885 0.515625 0.0192308 0.0360577 0.112666
1 0.629808 0.497596 0.0192308 0.0288462 0.119211
1 0.50601 0.00841346 0.0216346 0.0168269 0.146943
1 0.657452 0.183894 0.0264423 0.0552885 0.171381
1 0.165865 0.509615 0.0288462 0.0480769 0.187806
1 0.786058 0.0396635 0.0288462 0.0504808 0.363483
1 0.813702 0.0240385 0.0216346 0.0432692 0.364635
2 0.925481 0.0649038 0.0240385 0.0432692 0.37465
1 0.28125 0.16226 0.0288462 0.0456731 0.392415
1 0.0793269 0.290865 0.0288462 0.0480769 0.410777
1 0.955529 0.347356 0.0264423 0.0504808 0.413536
1 0.347356 0.355769 0.03125 0.0480769 0.449476
1 0.591346 0.110577 0.0240385 0.0480769 0.507505
1 0.308894 0.078125 0.03125 0.0504808 0.524047
1 0.242788 0.307692 0.0288462 0.0528846 0.528416
1 0.426683 0.0288462 0.0264423 0.0480769 0.548468
1 0.596154 0.396635 0.0288462 0.0576923 0.550592
1 0.108173 0.408654 0.0336538 0.0480769 0.55487
1 0.913462 0.68149 0.0288462 0.0552885 0.559588
1 0.526442 0.15625 0.0288462 0.0432692 0.568286
1 0.0733173 0.0685096 0.0264423 0.0504808 0.571138
1 0.840144 0.109375 0.0264423 0.0456731 0.581621
1 0.5 0.0985577 0.0240385 0.0384615 0.590094
1 0.301683 0.223558 0.0264423 0.0528846 0.616677
1 0.102163 0.477163 0.03125 0.0600962 0.657659
1 0.251202 0.866587 0.0360577 0.0600962 0.658088
1 0.15024 0.0504808 0.0264423 0.0480769 0.665218
1 0.147837 0.165865 0.03125 0.0528846 0.66678
1 0.768029 0.373798 0.03125 0.0600962 0.6711
1 0.895433 0.491587 0.03125 0.0504808 0.672186
1 0.954327 0.735577 0.0384615 0.0576923 0.682148
1 0.634615 0.246394 0.0336538 0.0600962 0.684046
1 0.325721 0.495192 0.0360577 0.0625 0.697321
1 0.441106 0.557692 0.0360577 0.0673077 0.700447
1 0.0685096 0.199519 0.03125 0.0528846 0.700968
1 0.563702 0.200721 0.0264423 0.0504808 0.702224
1 0.173077 0.590144 0.0384615 0.0697115 0.704921
1 0.123798 0.794471 0.0360577 0.0552885 0.707542
1 0.71274 0.788462 0.0360577 0.0769231 0.707916
1 0.801683 0.545673 0.03125 0.0528846 0.708694
1 0.0360577 0.359375 0.0288462 0.0552885 0.71294
1 0.378606 0.816106 0.0408654 0.0697115 0.713002
1 0.546875 0.489183 0.0360577 0.0552885 0.720257
1 0.15024 0.918269 0.0408654 0.0769231 0.732813
