1 0.294471 0.776442 0.0889423 0.168269 0.146039
1 0.929087 0.973558 0.09375 0.0528846 0.161288
1 0.967548 0.0120192 0.0600962 0.0240385 0.238149
2 0.259615 0.963942 0.0769231 0.0721154 0.317498
1 0.294471 0.426683 0.0504808 0.146635 0.326954
1 0.358173 0.967548 0.0961538 0.0600962 0.347173
1 0.0552885 0.972356 0.0865385 0.0552885 0.40747
1 0.971154 0.158654 0.0576923 0.153846 0.571013
1 0.603365 0.549279 0.0769231 0.146635 0.604534
1 0.777644 0.0228365 0.0697115 0.0456731 0.609497
1 0.847356 0.302885 0.0841346 0.1875 0.610241
1 0.100962 0.742788 0.0721154 0.144231 0.616295
1 0.0504808 0.114183 0.0865385 0.170673 0.669313
1 0.170673 0.138221 0.0817308 0.175481 0.714115
1 0.734375 0.760817 0.0841346 0.180288 0.721307
1 0.96875 0.402644 0.0625 0.189904 0.722238
1 0.814904 0.897837 0.0913462 0.180288 0.736505
1 0.189904 0.397837 0.0817308 0.15625 0.739588
1 0.948317 0.689904 0.0889423 0.201923 0.751161
1 0.533654 0.888221 0.0817308 0.170673 0.762314
1 0.83774 0.610577 0.0889423 0.192308 0.782742
1 0.515625 0.604567 0.0889423 0.194712 0.789419
