2 0.710337 0.405048 0.0600962 0.108173 0.133814
2 0.473558 0.147837 0.0432692 0.0793269 0.36315
1 0.429087 0.304087 0.0408654 0.0552885 0.52506
2 0.807692 0.284856 0.0480769 0.0889423 0.533107
2 0.175481 0.211538 0.0480769 0.0769231 0.614434
1 0.137019 0.546875 0.0480769 0.0841346 0.635398
2 0.109375 0.0805288 0.0504808 0.0841346 0.636968
1 0.467548 0.402644 0.0360577 0.0600962 0.66254
1 0.442308 0.572115 0.0432692 0.0769231 0.67523
1 0.822115 0.157452 0.0480769 0.0745192 0.679618
2 0.165865 0.367788 0.0480769 0.0913462 0.69027
1 0.739183 0.0552885 0.0456731 0.0673077 0.731282
