2 0.739183 0.680288 0.0360577 0.0576923 0.113203
1 0.0252404 0.15625 0.0360577 0.0913462 0.180005
1 0.372596 0.430288 0.0288462 0.0625 0.272445
1 0.5 0.28726 0.0528846 0.117788 0.415104
0 0.169471 0.637019 0.0504808 0.105769 0.444392
2 0.102163 0.355769 0.0552885 0.100962 0.576012
1 0.0805288 0.201923 0.0552885 0.110577 0.593755
1 0.641827 0.376202 0.0432692 0.0985577 0.606839
1 0.0420673 0.841346 0.0745192 0.173077 0.627008
1 0.28125 0.371394 0.0625 0.132212 0.652343
1 0.516827 0.68149 0.0576923 0.117788 0.653704
1 0.483173 0.102163 0.0576923 0.112981 0.671455
1 0.896635 0.186298 0.0673077 0.117788 0.672596
1 0.933894 0.5625 0.0649038 0.0961538 0.678847
1 0.125 0.722356 0.0625 0.132212 0.679907
1 0.823317 0.0300481 0.0456731 0.0600962 0.701252
1 0.262019 0.0997596 0.0480769 0.09375 0.748427
1 0.66226 0.0997596 0.0504808 0.112981 0.761168
1 0.567308 0.776442 0.0673077 0.134615 0.764176
1 0.75 0.0889423 0.0625 0.134615 0.766943
1 0.377404 0.903846 0.0625 0.129808 0.775013
