1 0.329327 0.344952 0.0432692 0.0649038 0.173414
1 0.513221 0.274038 0.0216346 0.0432692 0.251548
1 0.0949519 0.30649 0.0360577 0.0649038 0.41989
1 0.43149 0.330529 0.0456731 0.0889423 0.496159
1 0.199519 0.307692 0.0336538 0.0576923 0.556714
1 0.882212 0.271635 0.0576923 0.0961538 0.629734
1 0.0276442 0.341346 0.0552885 0.25 0.658597
1 0.270433 0.317308 0.0456731 0.0721154 0.664671
1 0.390625 0.420673 0.0552885 0.0865385 0.707799
1 0.641827 0.231971 0.0673077 0.127404 0.747083
1 0.713942 0.36899 0.0625 0.112981 0.78289
