0 0.604567 0.180288 0.0264423 0.0576923 0.188812
1 0.980769 0.203125 0.0336538 0.0552885 0.286358
0 0.984375 0.199519 0.03125 0.0625 0.30117
2 0.602163 0.177885 0.0264423 0.0528846 0.3167
1 0.953125 0.204327 0.0264423 0.0480769 0.446422
0 0.643029 0.198317 0.0456731 0.0841346 0.536733
1 0.414663 0.278846 0.0360577 0.0673077 0.628709
1 0.0865385 0.323317 0.0432692 0.09375 0.644327
1 0.448317 0.157452 0.03125 0.0745192 0.674373
1 0.759615 0.168269 0.0336538 0.0625 0.687868
1 0.521635 0.1875 0.0384615 0.0721154 0.689997
1 0.847356 0.21875 0.0456731 0.0721154 0.713365
