1 0.675481 0.278846 0.0625 0.100962 0.187724
1 0.65024 0.264423 0.0408654 0.0913462 0.495868
1 0.600962 0.21875 0.0384615 0.0817308 0.626893
1 0.414663 0.237981 0.0456731 0.0769231 0.655668
1 0.549279 0.205529 0.0360577 0.0793269 0.690174
1 0.155048 0.301683 0.0408654 0.0841346 0.698701
1 0.838942 0.277644 0.0432692 0.0889423 0.703945
1 0.711538 0.292067 0.0384615 0.0889423 0.720144
1 0.0865385 0.265625 0.0432692 0.0793269 0.727975
1 0.901442 0.308894 0.0384615 0.0793269 0.733342
1 0.27524 0.246394 0.0408654 0.0745192 0.748386
1 0.397837 0.360577 0.0408654 0.0721154 0.755475
