1 0.390625 0.200721 0.0264423 0.0504808 0.121797
1 0.703125 0.185096 0.0360577 0.0625 0.205569
2 0.550481 0.215144 0.0336538 0.0793269 0.382536
1 0.27524 0.210337 0.0264423 0.0600962 0.441562
1 0.417067 0.236779 0.03125 0.0649038 0.52248
1 0.769231 0.27524 0.0576923 0.09375 0.621743
1 0.234375 0.205529 0.0360577 0.0745192 0.688624
2 0.103365 0.247596 0.0625 0.115385 0.689467
1 0.887019 0.847356 0.163462 0.300481 0.693716
1 0.342548 0.185096 0.03125 0.0673077 0.694799
1 0.213942 0.395433 0.0673077 0.127404 0.71172
1 0.313702 0.516827 0.0889423 0.173077 0.712372
1 0.673077 0.421875 0.0817308 0.15625 0.77245
1 0.484375 0.290865 0.0504808 0.110577 0.777072
