1 0.170673 0.03125 0.0480769 0.0625 0.106936
1 0.604567 0.317308 0.0745192 0.182692 0.2139
1 0.317308 0.897837 0.153846 0.204327 0.215404
1 0.338942 0.227163 0.0721154 0.170673 0.241373
1 0.34976 0.0408654 0.0408654 0.0817308 0.247297
1 0.697115 0.0252404 0.0480769 0.0504808 0.308901
1 0.570913 0.763221 0.09375 0.170673 0.366155
1 0.25601 0.0348558 0.0456731 0.0697115 0.416379
2 0.532452 0.0925481 0.0504808 0.103365 0.438886
1 0.927885 0.189904 0.0625 0.149038 0.451752
1 0.21875 0.49399 0.0769231 0.213942 0.547424
1 0.848558 0.352163 0.0673077 0.161058 0.572895
1 0.53726 0.366587 0.0697115 0.161058 0.597185
1 0.430288 0.0372596 0.0576923 0.0745192 0.599954
1 0.0600962 0.259615 0.0865385 0.182692 0.611376
1 0.271635 0.926683 0.0913462 0.146635 0.614991
1 0.133413 0.106971 0.0552885 0.146635 0.623246
1 0.763221 0.409856 0.0649038 0.15625 0.670317
1 0.430288 0.873798 0.105769 0.242788 0.702251
1 0.799279 0.677885 0.0889423 0.192308 0.710325
1 0.96274 0.441106 0.0745192 0.194712 0.710578
1 0.419471 0.34976 0.0793269 0.175481 0.721954
1 0.334135 0.573317 0.0961538 0.228365 0.732061
1 0.109375 0.569712 0.0889423 0.206731 0.744646
