1 0.715144 0.233173 0.0264423 0.0528846 0.325378
1 0.348558 0.24399 0.0240385 0.0456731 0.416199
1 0.397837 0.274038 0.0408654 0.0625 0.451342
1 0.466346 0.271635 0.0336538 0.0625 0.607726
1 0.0901442 0.276442 0.0360577 0.0625 0.626534
1 0.614183 0.21274 0.0456731 0.0745192 0.652024
1 0.754808 0.234375 0.0384615 0.0697115 0.65485
1 0.901442 0.264423 0.0384615 0.0769231 0.678661
1 0.30649 0.223558 0.0456731 0.0865385 0.683444
1 0.241587 0.223558 0.0360577 0.0625 0.69121
1 0.569712 0.310096 0.0432692 0.0721154 0.706385
1 0.828125 0.325721 0.0408654 0.0841346 0.709072
1 0.0324519 0.237981 0.0552885 0.0865385 0.740295
