1 0.538462 0.18149 0.0240385 0.0552885 0.161768
1 0.71274 0.192308 0.0360577 0.0721154 0.168826
1 0.75 0.122596 0.0288462 0.0528846 0.171821
2 0.659856 0.165865 0.0408654 0.0673077 0.190677
2 0.222356 0.198317 0.0264423 0.0408654 0.221488
2 0.352163 0.176683 0.0408654 0.0745192 0.400733
1 0.0817308 0.239183 0.0288462 0.0649038 0.450191
2 0.252404 0.151442 0.0336538 0.0673077 0.52428
1 0.5 0.234375 0.0432692 0.0889423 0.574309
2 0.597356 0.171875 0.0360577 0.0697115 0.645283
1 0.167067 0.247596 0.0360577 0.0673077 0.672529
1 0.820913 0.139423 0.0504808 0.100962 0.702131
