1 0.436298 0.200721 0.0504808 0.0793269 0.178672
1 0.888221 0.228365 0.0456731 0.0769231 0.499641
2 0.739183 0.198317 0.0456731 0.0793269 0.552607
2 0.649038 0.11899 0.0480769 0.0841346 0.565211
1 0.864183 0.117788 0.0456731 0.0865385 0.59763
1 0.813702 0.265625 0.0600962 0.103365 0.661905
1 0.40625 0.348558 0.0673077 0.120192 0.672125
1 0.677885 0.258413 0.0528846 0.103365 0.689564
1 0.0817308 0.221154 0.0865385 0.153846 0.712121
1 0.890625 0.444712 0.103365 0.149038 0.756387
1 0.169471 0.378606 0.132212 0.223558 0.766047
1 0.536058 0.25601 0.110577 0.170673 0.77966
