1 0.222356 0.310096 0.0697115 0.134615 0.129162
1 0.680288 0.0504808 0.0576923 0.0961538 0.198695
2 0.221154 0.300481 0.0721154 0.139423 0.234666
1 0.473558 0.215144 0.0432692 0.09375 0.426632
1 0.481971 0.852163 0.0600962 0.161058 0.539523
1 0.355769 0.65625 0.0625 0.153846 0.608712
1 0.534856 0.170673 0.0456731 0.125 0.628131
1 0.971154 0.104567 0.0576923 0.170673 0.685001
1 0.403846 0.344952 0.0576923 0.15625 0.714807
1 0.301683 0.236779 0.0697115 0.170673 0.731266
1 0.903846 0.0685096 0.0721154 0.137019 0.736116
