1 0.384615 0.215144 0.0288462 0.0552885 0.100041
2 0.388221 0.211538 0.03125 0.0625 0.110903
0 0.324519 0.240385 0.0384615 0.0721154 0.122652
2 0.324519 0.230769 0.0336538 0.0673077 0.145973
1 0.324519 0.25 0.0384615 0.0817308 0.166134
2 0.276442 0.201923 0.0336538 0.0673077 0.216004
1 0.895433 0.219952 0.0889423 0.276442 0.236508
1 0.548077 0.163462 0.0384615 0.0961538 0.328137
1 0.626202 0.25 0.03125 0.0625 0.380653
2 0.824519 0.283654 0.0480769 0.0817308 0.491804
2 0.18149 0.191106 0.0649038 0.127404 0.59005
1 0.688702 0.167067 0.0360577 0.108173 0.615739
1 0.71274 0.457933 0.0408654 0.0841346 0.635136
1 0.0576923 0.393029 0.100962 0.151442 0.727101
