1 0.932692 0.209135 0.0432692 0.120192 0.113747
1 0.824519 0.205529 0.0480769 0.108173 0.11624
1 0.784856 0.133413 0.03125 0.0745192 0.125922
1 0.655048 0.135817 0.0552885 0.0985577 0.367792
1 0.846154 0.206731 0.0625 0.110577 0.53561
1 0.695913 0.566106 0.09375 0.15625 0.558525
1 0.228365 0.127404 0.0817308 0.173077 0.586915
1 0.762019 0.227163 0.0480769 0.09375 0.645623
1 0.38101 0.24399 0.0841346 0.170673 0.667742
1 0.457933 0.216346 0.0600962 0.153846 0.729782
1 0.669471 0.268029 0.0649038 0.141827 0.744859
