1 0.40625 0.122596 0.0192308 0.0336538 0.100174
1 0.789663 0.103365 0.03125 0.0480769 0.109672
1 0.138221 0.325721 0.0264423 0.0697115 0.110221
1 0.534856 0.544471 0.0168269 0.03125 0.114397
1 0.733173 0.106971 0.0192308 0.0360577 0.116697
1 0.854567 0.236779 0.0216346 0.03125 0.12379
2 0.768029 0.0132212 0.0216346 0.0264423 0.124943
1 0.606971 0.395433 0.0264423 0.0408654 0.130611
1 0.21875 0.305288 0.0288462 0.0528846 0.13271
1 0.701923 0.448317 0.0288462 0.0456731 0.136398
1 0.695913 0.421875 0.0216346 0.0360577 0.139783
2 0.139423 0.292067 0.0240385 0.03125 0.141741
1 0.161058 0.627404 0.0240385 0.0480769 0.14484
1 0.551683 0.358173 0.0264423 0.0480769 0.145228
1 0.629808 0.0132212 0.0192308 0.0264423 0.14528
1 0.420673 0.0528846 0.0144231 0.0288462 0.145994
1 0.353365 0.0588942 0.0192308 0.03125 0.149805
1 0.347356 0.241587 0.0216346 0.0504808 0.149831
1 0.294471 0.112981 0.0216346 0.0384615 0.150489
1 0.497596 0.128606 0.0192308 0.0360577 0.168004
1 0.657452 0.575721 0.0168269 0.0360577 0.168606
1 0.871394 0.164663 0.0168269 0.03125 0.17436
1 0.643029 0.151442 0.0216346 0.0288462 0.178764
1 0.139423 0.0997596 0.0240385 0.0456731 0.182074
1 0.52524 0.475962 0.0264423 0.0336538 0.189495
1 0.313702 0.0901442 0.0168269 0.03125 0.19157
1 0.81851 0.304087 0.0216346 0.03125 0.192736
1 0.895433 0.0673077 0.0168269 0.0288462 0.213819
1 0.361779 0.015625 0.0216346 0.03125 0.216186
1 0.280048 0.56851 0.0264423 0.0504808 0.220646
1 0.508413 0.0829327 0.0216346 0.0360577 0.223605
1 0.245192 0.242788 0.0192308 0.0384615 0.231126
1 0.924279 0.316106 0.0216346 0.0408654 0.231302
1 0.831731 0.151442 0.0240385 0.0625 0.23171
1 0.509615 0.233173 0.0192308 0.0336538 0.23278
2 0.163462 0.627404 0.0288462 0.0432692 0.235547
2 0.114183 0.56851 0.0264423 0.0456731 0.240643
1 0.540865 0.106971 0.0192308 0.0360577 0.242708
1 0.835337 0.115385 0.0264423 0.0576923 0.245645
1 0.497596 0.451923 0.0192308 0.0336538 0.248976
1 0.572115 0.0552885 0.0192308 0.0384615 0.26001
1 0.449519 0.229567 0.0192308 0.0360577 0.263946
1 0.43149 0.108173 0.0168269 0.0336538 0.267688
1 0.139423 0.296875 0.0240385 0.0408654 0.269484
1 0.301683 0.270433 0.0168269 0.03125 0.277903
1 0.563702 0.294471 0.0168269 0.03125 0.299622
1 0.990385 0.829327 0.0192308 0.0480769 0.300007
1 0.393029 0.0649038 0.0168269 0.0336538 0.309157
1 0.460337 0.783654 0.0216346 0.0432692 0.309288
1 0.77524 0.234375 0.0216346 0.03125 0.309507
1 0.638221 0.294471 0.0216346 0.0360577 0.311412
1 0.560096 0.344952 0.0192308 0.03125 0.333813
2 0.265625 0.289663 0.0216346 0.0360577 0.334725
1 0.453125 0.544471 0.0216346 0.0360577 0.3606
1 0.944712 0.527644 0.0240385 0.0456731 0.371444
2 0.292067 0.454327 0.0264423 0.0432692 0.377657
1 0.670673 0.38101 0.0240385 0.0456731 0.387865
2 0.346154 0.242788 0.0240385 0.0432692 0.394277
1 0.397837 0.198317 0.0216346 0.0408654 0.402453
1 0.40024 0.704327 0.0360577 0.0528846 0.40701
1 0.455529 0.323317 0.0264423 0.0456731 0.423202
1 0.826923 0.164663 0.0240385 0.0408654 0.425914
1 0.622596 0.192308 0.0192308 0.0336538 0.428863
1 0.38101 0.694712 0.0264423 0.0480769 0.42998
1 0.850962 0.278846 0.0192308 0.0384615 0.437398
1 0.899038 0.466346 0.0288462 0.0528846 0.438527
1 0.728365 0.396635 0.0240385 0.0432692 0.4503
1 0.0733173 0.459135 0.0216346 0.0432692 0.461948
1 0.596154 0.515625 0.0288462 0.0456731 0.479295
1 0.486779 0.360577 0.0216346 0.0336538 0.488924
1 0.132212 0.367788 0.0240385 0.0432692 0.494832
1 0.344952 0.364183 0.0216346 0.0360577 0.507715
1 0.716346 0.456731 0.0288462 0.0432692 0.509505
1 0.264423 0.393029 0.0240385 0.0456731 0.538813
1 0.359375 0.456731 0.0264423 0.0480769 0.539617
1 0.0168269 0.473558 0.0240385 0.0432692 0.54312
1 0.471154 0.585337 0.0288462 0.0456731 0.550516
1 0.367788 0.289663 0.0240385 0.0408654 0.559364
1 0.430288 0.429087 0.0240385 0.0408654 0.565424
1 0.963942 0.983173 0.0384615 0.0336538 0.569025
1 0.289663 0.557692 0.0264423 0.0528846 0.577049
1 0.603365 0.759615 0.0288462 0.0528846 0.590479
1 0.536058 0.373798 0.0240385 0.0456731 0.595309
1 0.325721 0.770433 0.0264423 0.0552885 0.612138
1 0.259615 0.603365 0.0288462 0.0480769 0.612938
1 0.908654 0.799279 0.0288462 0.0504808 0.616407
1 0.649038 0.819712 0.0288462 0.0528846 0.623298
1 0.376202 0.621394 0.0264423 0.0456731 0.631342
1 0.409856 0.705529 0.0264423 0.0504808 0.644227
1 0.883413 0.370192 0.0264423 0.0384615 0.645864
1 0.902644 0.97476 0.0360577 0.0504808 0.651939
1 0.13101 0.467548 0.03125 0.0504808 0.661803
1 0.549279 0.865385 0.03125 0.0480769 0.667261
1 0.942308 0.777644 0.0288462 0.0504808 0.682608
1 0.246394 0.938702 0.0360577 0.0649038 0.686089
1 0.698317 0.548077 0.0264423 0.0480769 0.693256
1 0.753606 0.91226 0.03125 0.0600962 0.694195
1 0.411058 0.929087 0.0288462 0.0552885 0.709373
1 0.944712 0.600962 0.0288462 0.0480769 0.721379
