1 0.521635 0.247596 0.0384615 0.0961538 0.24383
1 0.603365 0.0552885 0.0336538 0.100962 0.333642
1 0.0132212 0.486779 0.0264423 0.0985577 0.355363
1 0.824519 0.116587 0.0336538 0.0745192 0.516014
1 0.328125 0.0769231 0.0408654 0.0865385 0.594499
1 0.461538 0.322115 0.0480769 0.120192 0.669098
1 0.597356 0.651442 0.0745192 0.177885 0.691215
1 0.572115 0.4375 0.0576923 0.139423 0.695159
1 0.955529 0.189904 0.0697115 0.149038 0.705906
1 0.0865385 0.219952 0.0432692 0.0793269 0.706885
1 0.763221 0.415865 0.0697115 0.129808 0.707442
1 0.270433 0.294471 0.0985577 0.185096 0.716678
1 0.0925481 0.484375 0.103365 0.199519 0.759179
