2 0.75 0.0108173 0.0480769 0.0216346 0.12759
1 0.882212 0.0216346 0.0673077 0.0432692 0.240162
1 0.56851 0.610577 0.0649038 0.120192 0.323564
1 0.194712 0.0132212 0.0384615 0.0264423 0.369612
2 0.932692 0.9375 0.0961538 0.125 0.514954
2 0.592548 0.0204327 0.0552885 0.0408654 0.533782
1 0.103365 0.550481 0.0576923 0.115385 0.559871
1 0.646635 0.545673 0.0769231 0.139423 0.588441
2 0.0240385 0.704327 0.0480769 0.144231 0.630981
1 0.439904 0.417067 0.0769231 0.137019 0.673618
2 0.362981 0.201923 0.0673077 0.105769 0.702468
1 0.895433 0.450721 0.0745192 0.127404 0.704634
2 0.0300481 0.200721 0.0600962 0.0985577 0.717352
