1 0.664663 0.210337 0.0456731 0.0841346 0.121578
1 0.521635 0.164663 0.0288462 0.0456731 0.282578
1 0.46875 0.222356 0.0432692 0.0600962 0.299102
2 0.667067 0.205529 0.0456731 0.0841346 0.378511
1 0.489183 0.21875 0.0264423 0.0528846 0.43807
1 0.0516827 0.274038 0.0504808 0.0673077 0.461088
1 0.518029 0.264423 0.0456731 0.0865385 0.477726
1 0.800481 0.331731 0.0528846 0.0913462 0.479665
1 0.456731 0.227163 0.0336538 0.0600962 0.57674
1 0.692308 0.361779 0.0576923 0.122596 0.662933
1 0.264423 0.248798 0.0336538 0.0793269 0.665017
1 0.807692 0.175481 0.0336538 0.0625 0.686751
1 0.407452 0.233173 0.0408654 0.0673077 0.692259
1 0.186298 0.242788 0.0360577 0.0625 0.697418
1 0.920673 0.432692 0.0817308 0.163462 0.729569
1 0.574519 0.340144 0.0480769 0.103365 0.746793
