1 0.00600962 0.0961538 0.0120192 0.0480769 0.104917
1 0.370192 0.532452 0.0288462 0.0552885 0.122161
0 0.167067 0.703125 0.0504808 0.0985577 0.22893
1 0.735577 0.734375 0.0336538 0.0504808 0.269333
2 0.135817 0.0180288 0.0360577 0.0360577 0.383937
1 0.0240385 0.304087 0.0384615 0.0889423 0.411959
1 0.168269 0.703125 0.0480769 0.0985577 0.448854
1 0.490385 0.129808 0.0432692 0.0817308 0.474904
2 0.0973558 0.472356 0.0504808 0.0793269 0.546199
1 0.0769231 0.342548 0.0576923 0.0985577 0.600951
1 0.820913 0.0805288 0.0408654 0.0649038 0.625123
1 0.514423 0.734375 0.0576923 0.103365 0.639509
1 0.895433 0.336538 0.0649038 0.0865385 0.644213
2 0.0793269 0.0420673 0.0480769 0.0793269 0.649097
1 0.640625 0.485577 0.0456731 0.0865385 0.654322
1 0.930288 0.637019 0.0673077 0.0961538 0.673595
1 0.277644 0.485577 0.0600962 0.115385 0.674991
1 0.497596 0.413462 0.0480769 0.0913462 0.682379
1 0.483173 0.264423 0.0576923 0.0865385 0.684097
1 0.820913 0.194712 0.0456731 0.0721154 0.69014
1 0.659856 0.263221 0.0552885 0.09375 0.720898
1 0.122596 0.77524 0.0625 0.112981 0.720919
1 0.260817 0.263221 0.0504808 0.0793269 0.72524
1 0.566106 0.8125 0.0649038 0.110577 0.748103
1 0.0408654 0.864183 0.0721154 0.141827 0.751856
1 0.748798 0.257212 0.0552885 0.100962 0.764867
1 0.373798 0.919471 0.0600962 0.103365 0.780811
1 0.298077 0.0649038 0.0528846 0.100962 0.794161
