1 0.514423 0.469952 0.0432692 0.0841346 0.105693
1 0.331731 0.490385 0.0288462 0.0576923 0.10804
1 0.294471 0.421875 0.0264423 0.0649038 0.155492
1 0.463942 0.367788 0.0288462 0.0673077 0.164776
1 0.0853365 0.41226 0.0264423 0.0504808 0.191141
1 0.86899 0.435096 0.0360577 0.0673077 0.196545
1 0.355769 0.40625 0.0288462 0.0625 0.199196
1 0.129808 0.538462 0.0336538 0.0817308 0.2861
1 0.419471 0.639423 0.0264423 0.0625 0.293541
1 0.230769 0.485577 0.0384615 0.0865385 0.321848
1 0.0673077 0.582933 0.0336538 0.0649038 0.392012
1 0.524038 0.609375 0.0432692 0.15625 0.501061
1 0.534856 0.486779 0.0360577 0.0889423 0.551586
1 0.956731 0.40625 0.0576923 0.100962 0.578569
1 0.643029 0.487981 0.0456731 0.0961538 0.616228
1 0.0444712 0.475962 0.03125 0.0625 0.624531
1 0.784856 0.670673 0.122596 0.302885 0.708343
1 0.320913 0.663462 0.0600962 0.129808 0.727695
1 0.180288 0.509615 0.0625 0.139423 0.787963
