1 0.310096 0.147837 0.0336538 0.0600962 0.102962
1 0.703125 0.769231 0.0600962 0.173077 0.103444
2 0.138221 0.439904 0.0697115 0.120192 0.11869
2 0.485577 0.0865385 0.0288462 0.0528846 0.139411
2 0.366587 0.173077 0.0360577 0.0769231 0.155505
2 0.677885 0.247596 0.0336538 0.0721154 0.159028
1 0.651442 0.046875 0.0384615 0.0649038 0.192005
1 0.81851 0.0985577 0.03125 0.0817308 0.212447
1 0.447115 0.233173 0.0336538 0.0865385 0.262664
1 0.83774 0.490385 0.0697115 0.105769 0.267353
1 0.415865 0.137019 0.0336538 0.0528846 0.277665
1 0.308894 0.25 0.0408654 0.0961538 0.288364
1 0.679087 0.388221 0.0504808 0.0985577 0.341058
1 0.215144 0.266827 0.0456731 0.0817308 0.342331
1 0.543269 0.971154 0.0913462 0.0576923 0.344044
2 0.272837 0.336538 0.0408654 0.0865385 0.346678
1 0.510817 0.176683 0.0408654 0.0889423 0.356877
1 0.46274 0.174279 0.0360577 0.0841346 0.359631
2 0.235577 0.171875 0.0432692 0.0793269 0.361266
1 0.459135 0.611779 0.0625 0.112981 0.38292
1 0.370192 0.335337 0.0625 0.0985577 0.421646
1 0.545673 0.277644 0.0432692 0.0841346 0.430278
2 0.570913 0.121394 0.0408654 0.0841346 0.446059
1 0.135817 0.435096 0.0697115 0.125 0.449257
1 0.466346 0.445913 0.0480769 0.0985577 0.459901
2 0.145433 0.288462 0.0552885 0.105769 0.495464
2 0.68149 0.120192 0.0408654 0.0817308 0.509015
1 0.75601 0.518029 0.0552885 0.09375 0.566303
2 0.728365 0.147837 0.0384615 0.0793269 0.57782
2 0.890625 0.725962 0.0889423 0.163462 0.583761
1 0.643029 0.536058 0.0697115 0.153846 0.61346
1 0.620192 0.893029 0.0913462 0.175481 0.64659
2 0.192308 0.667067 0.0769231 0.170673 0.651493
2 0.764423 0.248798 0.0480769 0.09375 0.66114
1 0.372596 0.503606 0.0673077 0.141827 0.684978
1 0.372596 0.852163 0.0961538 0.204327 0.702463
1 0.564904 0.5 0.0625 0.134615 0.713137
2 0.265625 0.784856 0.0745192 0.170673 0.713686
2 0.620192 0.204327 0.0528846 0.0961538 0.720128
