2 0.0528846 0.495192 0.0336538 0.0673077 0.118526
1 0.106971 0.234375 0.0264423 0.0552885 0.167948
1 0.0612981 0.703125 0.0504808 0.0841346 0.458584
1 0.046875 0.396635 0.03125 0.0625 0.484716
2 0.97476 0.492788 0.0408654 0.0721154 0.570684
1 0.97476 0.375 0.0360577 0.0721154 0.647392
1 0.134615 0.379808 0.0336538 0.0625 0.683583
1 0.299279 0.25 0.0552885 0.105769 0.746804
1 0.644231 0.296875 0.0480769 0.0985577 0.77941
1 0.486779 0.284856 0.0552885 0.117788 0.796784
1 0.757212 0.27524 0.0625 0.108173 0.797179
1 0.375 0.265625 0.0528846 0.0985577 0.798149
