1 0.149038 0.0264423 0.0384615 0.0528846 0.108578
1 0.668269 0.449519 0.0192308 0.0384615 0.11003
1 0.359375 0.200721 0.0216346 0.0504808 0.110161
1 0.667067 0.127404 0.0264423 0.0432692 0.118926
1 0.72476 0.491587 0.0264423 0.0504808 0.119559
1 0.623798 0.647837 0.0264423 0.0360577 0.122064
1 0.341346 0.16226 0.0192308 0.0408654 0.122982
1 0.301683 0.596154 0.0216346 0.0528846 0.133948
1 0.522837 0.0661058 0.0216346 0.0408654 0.139178
1 0.302885 0.478365 0.0240385 0.0480769 0.140597
1 0.421875 0.0456731 0.0216346 0.0384615 0.140841
1 0.276442 0.263221 0.0240385 0.0504808 0.142377
1 0.576923 0.986779 0.0288462 0.0264423 0.147707
1 0.876202 0.272837 0.03125 0.0504808 0.150306
2 0.304087 0.478365 0.0264423 0.0432692 0.197289
1 0.170673 0.703125 0.0240385 0.0552885 0.207732
1 0.572115 0.355769 0.0288462 0.0528846 0.210582
1 0.677885 0.115385 0.0192308 0.0384615 0.212247
1 0.395433 0.385817 0.0216346 0.0264423 0.218403
1 0.480769 0.90625 0.0192308 0.0432692 0.222348
1 0.448317 0.582933 0.0216346 0.0456731 0.231499
1 0.772837 0.0817308 0.0216346 0.0432692 0.238154
1 0.417067 0.805288 0.0408654 0.0625 0.247313
1 0.727163 0.433894 0.0264423 0.0408654 0.247552
1 0.25601 0.206731 0.0216346 0.0432692 0.254666
1 0.314904 0.241587 0.0192308 0.0360577 0.266685
1 0.27524 0.0793269 0.0168269 0.0336538 0.285963
1 0.909856 0.109375 0.0216346 0.03125 0.295553
1 0.441106 0.373798 0.0264423 0.0456731 0.307335
1 0.144231 0.266827 0.0240385 0.0432692 0.308696
1 0.46274 0.590144 0.0264423 0.0504808 0.329796
1 0.890625 0.254808 0.0216346 0.0432692 0.33418
2 0.278846 0.265625 0.0240385 0.0408654 0.338394
1 0.329327 0.015625 0.0192308 0.03125 0.339409
1 0.967548 0.302885 0.0216346 0.0432692 0.349768
1 0.522837 0.480769 0.0216346 0.0384615 0.350154
1 0.629808 0.397837 0.0288462 0.0456731 0.356563
1 0.936298 0.490385 0.03125 0.0625 0.363264
1 0.09375 0.149038 0.0240385 0.0432692 0.366309
1 0.566106 0.0288462 0.0216346 0.0432692 0.367928
1 0.0817308 0.795673 0.0336538 0.0528846 0.370167
1 0.865385 0.106971 0.0240385 0.0408654 0.377126
1 0.450721 0.0288462 0.0216346 0.0384615 0.388947
1 0.664663 0.276442 0.0168269 0.0384615 0.39643
1 0.582933 0.336538 0.0216346 0.0432692 0.409787
1 0.858173 0.284856 0.0240385 0.0360577 0.410198
2 0.360577 0.203125 0.0240385 0.0456731 0.410752
1 0.377404 0.486779 0.0240385 0.0552885 0.424461
1 0.588942 0.277644 0.0192308 0.0408654 0.435378
1 0.838942 0.0288462 0.0384615 0.0576923 0.439391
1 0.0757212 0.487981 0.0264423 0.0576923 0.446032
1 0.475962 0.311298 0.0240385 0.0504808 0.463625
1 0.53125 0.198317 0.0240385 0.0408654 0.465773
1 0.359375 0.367788 0.0216346 0.0384615 0.47381
1 0.397837 0.793269 0.0264423 0.0625 0.496224
1 0.301683 0.616587 0.0264423 0.0600962 0.504935
1 0.68149 0.951923 0.0264423 0.0576923 0.511102
1 0.417067 0.153846 0.0264423 0.0480769 0.513009
2 0.169471 0.705529 0.0264423 0.0504808 0.514327
1 0.700721 0.390625 0.0216346 0.0456731 0.519317
1 0.653846 0.144231 0.0240385 0.0432692 0.521793
1 0.47476 0.598558 0.0216346 0.0480769 0.524741
2 0.117788 0.632212 0.0288462 0.0528846 0.536999
1 0.508413 0.361779 0.0216346 0.0456731 0.564614
1 0.764423 0.414663 0.0240385 0.0504808 0.575614
1 0.135817 0.371394 0.0264423 0.0504808 0.577866
1 0.629808 0.867788 0.0336538 0.0625 0.588103
1 0.810096 0.200721 0.0192308 0.0408654 0.589387
1 0.0180288 0.512019 0.0264423 0.0432692 0.598898
1 0.492788 0.65024 0.0288462 0.0552885 0.60929
1 0.621394 0.56851 0.0264423 0.0456731 0.611943
1 0.923077 0.372596 0.0240385 0.0432692 0.617784
1 0.449519 0.447115 0.0240385 0.0480769 0.627681
1 0.27524 0.407452 0.0264423 0.0552885 0.630436
1 0.385817 0.271635 0.0264423 0.0480769 0.631943
1 0.986779 0.669471 0.0264423 0.0552885 0.635146
1 0.561298 0.377404 0.0264423 0.0528846 0.641747
1 0.950721 0.929087 0.0264423 0.0600962 0.642282
1 0.752404 0.485577 0.0288462 0.0480769 0.646496
1 0.138221 0.5 0.03125 0.0528846 0.651748
1 0.272837 0.679087 0.03125 0.0552885 0.657277
1 0.395433 0.697115 0.0264423 0.0576923 0.661484
1 0.983173 0.897837 0.0288462 0.0649038 0.689292
1 0.430288 0.807692 0.0288462 0.0625 0.696139
1 0.987981 0.580529 0.0240385 0.0552885 0.699559
1 0.340144 0.890625 0.03125 0.0649038 0.719529
1 0.729567 0.603365 0.03125 0.0576923 0.720928
