1 0.923077 0.211538 0.0384615 0.0817308 0.23197
1 0.800481 0.546875 0.115385 0.209135 0.235533
1 0.826923 0.251202 0.0625 0.117788 0.421897
1 0.558894 0.442308 0.0552885 0.110577 0.453638
1 0.477163 0.213942 0.03125 0.0721154 0.510663
1 0.508413 0.356971 0.0504808 0.0793269 0.565043
1 0.233173 0.217548 0.0528846 0.0889423 0.566412
1 0.944712 0.447115 0.0480769 0.110577 0.587313
1 0.361779 0.163462 0.0408654 0.0721154 0.594594
1 0.140625 0.163462 0.0504808 0.0865385 0.628226
1 0.251202 0.418269 0.0600962 0.0721154 0.653513
1 0.663462 0.638221 0.0961538 0.223558 0.656426
1 0.117788 0.520433 0.0625 0.103365 0.671056
1 0.0516827 0.376202 0.0456731 0.0745192 0.69535
1 0.685096 0.355769 0.0673077 0.120192 0.696705
1 0.629808 0.1875 0.0432692 0.0817308 0.71829
1 0.372596 0.454327 0.0528846 0.110577 0.753423
