1 0.842548 0.241587 0.0264423 0.0504808 0.105005
1 0.689904 0.332933 0.0673077 0.0841346 0.161312
1 0.651442 0.322115 0.0336538 0.0721154 0.183041
1 0.294471 0.229567 0.03125 0.0552885 0.360631
2 0.808894 0.259615 0.03125 0.0576923 0.497105
1 0.88101 0.230769 0.0360577 0.0673077 0.552135
1 0.614183 0.298077 0.03125 0.0528846 0.595697
1 0.478365 0.271635 0.0336538 0.0673077 0.59782
1 0.759615 0.253606 0.0384615 0.0697115 0.635531
1 0.450721 0.471154 0.0456731 0.0817308 0.667925
1 0.167067 0.308894 0.0408654 0.0745192 0.696896
1 0.560096 0.266827 0.0432692 0.0769231 0.698017
1 0.407452 0.270433 0.0408654 0.0745192 0.705044
1 0.0829327 0.260817 0.0456731 0.0793269 0.7303
1 0.941106 0.25601 0.0456731 0.0793269 0.751246
1 0.34976 0.292067 0.0456731 0.0889423 0.759645
1 0.710337 0.346154 0.0456731 0.0913462 0.769096
