1 0.610577 0.206731 0.0240385 0.0432692 0.189037
2 0.80649 0.240385 0.0408654 0.0769231 0.222672
2 0.459135 0.286058 0.0336538 0.0480769 0.252803
1 0.647837 0.292067 0.0408654 0.0649038 0.425995
2 0.824519 0.241587 0.0576923 0.0889423 0.530012
1 0.393029 0.237981 0.0264423 0.0480769 0.564123
1 0.498798 0.240385 0.0360577 0.0625 0.582946
1 0.75 0.288462 0.0384615 0.0769231 0.582961
2 0.430288 0.219952 0.0288462 0.0504808 0.593771
1 0.91226 0.28125 0.0504808 0.100962 0.659543
1 0.251202 0.201923 0.0456731 0.0865385 0.755932
