1 0.699519 0.311298 0.0336538 0.0649038 0.151605
1 0.774038 0.272837 0.0625 0.0889423 0.193691
1 0.33774 0.230769 0.0408654 0.0528846 0.194124
1 0.896635 0.161058 0.0528846 0.0817308 0.415725
1 0.747596 0.253606 0.0432692 0.0745192 0.668016
1 0.153846 0.228365 0.0480769 0.0865385 0.677531
1 0.201923 0.22476 0.0432692 0.0793269 0.686154
1 0.495192 0.25 0.0528846 0.0817308 0.707938
1 0.807692 0.282452 0.0480769 0.0793269 0.723549
1 0.612981 0.239183 0.0480769 0.0793269 0.731222
1 0.413462 0.252404 0.0480769 0.0817308 0.779426
