2 0.850962 0.30649 0.0480769 0.108173 0.203678
1 0.947115 0.282452 0.0432692 0.0985577 0.291867
1 0.219952 0.265625 0.0600962 0.132212 0.44106
1 0.83774 0.161058 0.0552885 0.105769 0.472467
1 0.710337 0.272837 0.0649038 0.127404 0.483827
1 0.961538 0.176683 0.0480769 0.0985577 0.641107
1 0.0925481 0.435096 0.0793269 0.129808 0.658285
1 0.171875 0.340144 0.0793269 0.122596 0.718872
1 0.403846 0.310096 0.0817308 0.163462 0.737979
1 0.628606 0.294471 0.0552885 0.112981 0.751455
1 0.489183 0.264423 0.0649038 0.120192 0.788413
