2 0.578125 0.222356 0.0600962 0.117788 0.1584
2 0.533654 0.0757212 0.0384615 0.108173 0.264865
1 0.320913 0.0492788 0.0408654 0.0889423 0.325152
2 0.588942 0.200721 0.0384615 0.0841346 0.399221
1 0.0504808 0.0180288 0.0480769 0.0360577 0.414023
1 0.257212 0.163462 0.0528846 0.0913462 0.4901
1 0.492788 0.407452 0.0673077 0.127404 0.562587
2 0.424279 0.0564904 0.0456731 0.0889423 0.587498
1 0.826923 0.191106 0.0384615 0.0841346 0.636869
2 0.550481 0.254808 0.0528846 0.100962 0.663513
1 0.936298 0.340144 0.0504808 0.0841346 0.685919
1 0.682692 0.133413 0.0528846 0.108173 0.720344
1 0.778846 0.467548 0.0673077 0.108173 0.726476
1 0.347356 0.173077 0.0649038 0.120192 0.750711
1 0.0697115 0.670673 0.120192 0.317308 0.769874
