1 0.603365 0.179087 0.0288462 0.0504808 0.145635
0 0.605769 0.180288 0.0288462 0.0576923 0.158931
2 0.603365 0.177885 0.0288462 0.0528846 0.19014
1 0.977163 0.205529 0.0360577 0.0552885 0.315914
0 0.643029 0.197115 0.0504808 0.0817308 0.478592
1 0.953125 0.204327 0.0264423 0.0480769 0.490722
1 0.0877404 0.322115 0.0456731 0.0913462 0.621472
1 0.414663 0.278846 0.0360577 0.0673077 0.625538
1 0.522837 0.1875 0.0360577 0.0673077 0.648268
1 0.448317 0.15625 0.03125 0.0721154 0.668625
1 0.759615 0.168269 0.0336538 0.0625 0.682471
1 0.848558 0.219952 0.0432692 0.0745192 0.710479
