2 0.266827 0.377404 0.0384615 0.0721154 0.102437
2 0.362981 0.213942 0.0384615 0.0721154 0.102628
2 0.290865 0.0480769 0.0384615 0.0576923 0.103963
2 0.799279 0.15024 0.0216346 0.0552885 0.137174
1 0.360577 0.546875 0.0336538 0.0697115 0.147861
2 0.0805288 0.189904 0.0456731 0.0913462 0.167464
2 0.387019 0.221154 0.0288462 0.0769231 0.170955
1 0.242788 0.0132212 0.0528846 0.0264423 0.176046
2 0.502404 0.207933 0.0336538 0.0745192 0.247663
2 0.352163 0.209135 0.0264423 0.0576923 0.250072
2 0.754808 0.163462 0.0336538 0.0625 0.324654
1 0.420673 0.518029 0.0432692 0.0889423 0.375778
1 0.86899 0.301683 0.0456731 0.108173 0.39685
1 0.890625 0.16226 0.0456731 0.0841346 0.425091
2 0.290865 0.947115 0.0721154 0.105769 0.494455
1 0.15625 0.623798 0.0625 0.127404 0.582266
2 0.0252404 0.213942 0.0456731 0.0817308 0.587022
2 0.673077 0.120192 0.0480769 0.0913462 0.61471
2 0.299279 0.16226 0.0456731 0.0793269 0.630064
1 0.334135 0.536058 0.0432692 0.0865385 0.638906
2 0.149038 0.0336538 0.0336538 0.0576923 0.644704
1 0.0925481 0.507212 0.0552885 0.105769 0.68929
