1 0.09375 0.449519 0.0288462 0.0432692 0.11808
1 0.640625 0.439904 0.0456731 0.0865385 0.155242
1 0.50601 0.429087 0.0408654 0.103365 0.193276
1 0.992788 0.372596 0.0144231 0.0865385 0.201749
1 0.289663 0.419471 0.0360577 0.0697115 0.304298
2 0.258413 0.469952 0.0504808 0.0793269 0.346149
1 0.492788 0.445913 0.0432692 0.0985577 0.409572
1 0.0216346 0.479567 0.0432692 0.0793269 0.500755
1 0.626202 0.433894 0.0360577 0.0745192 0.523836
1 0.926683 0.370192 0.0408654 0.0817308 0.588646
1 0.34976 0.439904 0.0456731 0.0865385 0.62841
1 0.697115 0.317308 0.0528846 0.100962 0.699756
1 0.192308 0.444712 0.0480769 0.0721154 0.72117
1 0.871394 0.348558 0.0504808 0.0961538 0.749213
