1 0.540865 0.55649 0.0480769 0.0841346 0.112021
1 0.620192 0.367788 0.0336538 0.0625 0.135307
1 0.753606 0.640625 0.0697115 0.170673 0.155525
1 0.157452 0.1875 0.0360577 0.0817308 0.168721
2 0.265625 0.235577 0.03125 0.0721154 0.180816
2 0.760817 0.198317 0.03125 0.0745192 0.201631
1 0.268029 0.236779 0.0360577 0.0745192 0.228566
1 0.512019 0.210337 0.0336538 0.0649038 0.253512
2 0.508413 0.209135 0.03125 0.0673077 0.266215
1 0.889423 0.334135 0.0288462 0.0576923 0.27039
2 0.576923 0.391827 0.0432692 0.0769231 0.279211
2 0.932692 0.365385 0.0384615 0.0817308 0.397289
1 0.596154 0.513221 0.0673077 0.146635 0.486236
1 0.949519 0.908654 0.0817308 0.182692 0.523126
1 0.379808 0.230769 0.0865385 0.134615 0.532054
1 0.385817 0.447115 0.0793269 0.149038 0.560223
1 0.651442 0.663462 0.0721154 0.158654 0.617927
