1 0.46875 0.236779 0.0625 0.09375 0.114818
1 0.0252404 0.195913 0.0264423 0.0649038 0.127137
2 0.467548 0.234375 0.0649038 0.0889423 0.161329
1 0.576923 0.0841346 0.0288462 0.0576923 0.199928
2 0.600962 0.132212 0.0336538 0.0721154 0.214566
1 0.862981 0.207933 0.0432692 0.0841346 0.268961
1 0.675481 0.134615 0.0432692 0.0769231 0.398482
2 0.778846 0.0492788 0.0384615 0.09375 0.500737
1 0.442308 0.0973558 0.0336538 0.0649038 0.509919
2 0.300481 0.370192 0.0625 0.115385 0.666118
1 0.959135 0.426683 0.0769231 0.15625 0.674011
1 0.918269 0.177885 0.0480769 0.105769 0.716528
1 0.782452 0.403846 0.0649038 0.149038 0.74364
1 0.753606 0.889423 0.146635 0.221154 0.755381
1 0.544471 0.40625 0.103365 0.221154 0.756616
1 0.102163 0.713942 0.161058 0.346154 0.757375
1 0.262019 0.602163 0.100962 0.223558 0.768813
1 0.414663 0.495192 0.0793269 0.177885 0.769224
1 0.645433 0.414663 0.0889423 0.199519 0.77013
