1 0.989183 0.329327 0.0216346 0.0528846 0.116866
1 0.972356 0.28726 0.0264423 0.0504808 0.227278
1 0.199519 0.247596 0.0288462 0.0480769 0.609505
1 0.421875 0.313702 0.0456731 0.0841346 0.62263
1 0.151442 0.28125 0.0384615 0.0625 0.645755
1 0.0889423 0.311298 0.0528846 0.0745192 0.67503
1 0.507212 0.233173 0.0913462 0.149038 0.688949
1 0.935096 0.298077 0.0384615 0.0673077 0.706998
1 0.603365 0.237981 0.0480769 0.0961538 0.708187
1 0.266827 0.319712 0.0432692 0.0721154 0.729575
1 0.694712 0.31851 0.0288462 0.0408654 0.733571
1 0.764423 0.271635 0.0432692 0.0817308 0.734264
1 0.850962 0.320913 0.0432692 0.0697115 0.749974
