1 0.257212 0.342548 0.0192308 0.0360577 0.104204
1 0.0120192 0.4375 0.0240385 0.0913462 0.109459
1 0.645433 0.401442 0.0264423 0.0528846 0.153743
1 0.644231 0.257212 0.0432692 0.0721154 0.176329
1 0.948317 0.716346 0.0745192 0.197115 0.270376
1 0.227163 0.364183 0.03125 0.0697115 0.287921
1 0.116587 0.370192 0.0264423 0.0528846 0.388035
1 0.0348558 0.445913 0.0408654 0.0697115 0.414319
1 0.0108173 0.355769 0.0216346 0.0432692 0.47804
1 0.59375 0.469952 0.0336538 0.0793269 0.518179
1 0.320913 0.471154 0.0360577 0.0769231 0.629905
1 0.0961538 0.542067 0.0384615 0.0745192 0.634332
1 0.204327 0.432692 0.0576923 0.110577 0.6939
1 0.6875 0.49399 0.0336538 0.0793269 0.694021
1 0.850962 0.629808 0.163462 0.326923 0.718434
1 0.399038 0.433894 0.0528846 0.127404 0.740284
1 0.453125 0.61899 0.0649038 0.146635 0.749115
