1 0.427885 0.658654 0.0288462 0.0528846 0.116602
2 0.709135 0.120192 0.0432692 0.0721154 0.147311
1 0.408654 0.308894 0.0288462 0.0552885 0.174475
1 0.983173 0.278846 0.0336538 0.0528846 0.187838
2 0.981971 0.280048 0.03125 0.0504808 0.198532
1 0.713942 0.293269 0.0336538 0.0769231 0.221264
2 0.407452 0.311298 0.03125 0.0552885 0.303421
2 0.579327 0.301683 0.0240385 0.0456731 0.403799
1 0.469952 0.459135 0.0649038 0.0961538 0.626818
1 0.497596 0.28125 0.0384615 0.0673077 0.637073
1 0.53726 0.651442 0.0841346 0.134615 0.658821
1 0.770433 0.53125 0.0985577 0.134615 0.722932
1 0.354567 0.215144 0.108173 0.189904 0.745635
1 0.554087 0.453125 0.0649038 0.0889423 0.755564
