1 0.265625 0.0913462 0.0264423 0.0769231 0.100973
1 0.878606 0.0480769 0.0600962 0.0673077 0.121176
1 0.25 0.115385 0.0384615 0.105769 0.125617
1 0.746394 0.0444712 0.0264423 0.0504808 0.132034
1 0.918269 0.0432692 0.0384615 0.0673077 0.135281
2 0.752404 0.13101 0.0288462 0.0552885 0.212172
1 0.938702 0.0180288 0.0264423 0.0360577 0.25879
1 0.901442 0.0564904 0.0336538 0.0600962 0.3453
1 0.790865 0.0384615 0.0288462 0.0625 0.400848
1 0.659856 0.0997596 0.03125 0.0649038 0.409127
1 0.84976 0.03125 0.03125 0.0625 0.48223
1 0.557692 0.0721154 0.0288462 0.0625 0.500683
1 0.655048 0.231971 0.0552885 0.127404 0.506722
1 0.234375 0.135817 0.0360577 0.0889423 0.531949
1 0.814904 0.149038 0.0336538 0.0769231 0.609784
1 0.163462 0.615385 0.0817308 0.173077 0.65759
1 0.341346 0.504808 0.0576923 0.139423 0.676169
1 0.544471 0.247596 0.0504808 0.110577 0.697226
1 0.417067 0.302885 0.0504808 0.110577 0.702669
1 0.570913 0.409856 0.0600962 0.137019 0.772621
