1 0.957933 0.389423 0.0264423 0.0384615 0.111556
1 0.664663 0.638221 0.03125 0.0552885 0.112716
1 0.902644 0.498798 0.0216346 0.0408654 0.116376
1 0.414663 0.741587 0.0264423 0.0600962 0.190845
2 0.0372596 0.725962 0.03125 0.0528846 0.19111
2 0.903846 0.497596 0.0240385 0.0432692 0.197589
0 0.365385 0.66226 0.0288462 0.0552885 0.211704
1 0.174279 0.697115 0.0216346 0.0432692 0.359692
2 0.573317 0.971154 0.0504808 0.0576923 0.391462
1 0.512019 0.447115 0.0240385 0.0432692 0.401164
1 0.395433 0.590144 0.0264423 0.0456731 0.412768
1 0.614183 0.483173 0.0264423 0.0384615 0.447878
2 0.364183 0.66226 0.03125 0.0552885 0.484314
1 0.358173 0.575721 0.0336538 0.0504808 0.510468
1 0.414663 0.673077 0.03125 0.0625 0.550859
1 0.320913 0.699519 0.03125 0.0480769 0.577409
1 0.502404 0.691106 0.0336538 0.0649038 0.588728
1 0.548077 0.588942 0.0288462 0.0480769 0.615327
1 0.456731 0.620192 0.0336538 0.0576923 0.632766
1 0.258413 0.741587 0.03125 0.0552885 0.664545
1 0.597356 0.573317 0.0360577 0.0600962 0.669122
1 0.0973558 0.723558 0.0408654 0.0721154 0.726819
1 0.527644 0.765625 0.0408654 0.0793269 0.751136
