1 0.0793269 0.469952 0.0625 0.141827 0.109476
1 0.717548 0.429087 0.0697115 0.117788 0.134411
1 0.745192 0.421875 0.0480769 0.108173 0.2516
2 0.185096 0.358173 0.0336538 0.0625 0.316711
2 0.78726 0.479567 0.0697115 0.15625 0.317843
0 0.789663 0.484375 0.0697115 0.15625 0.352166
2 0.5 0.300481 0.0384615 0.0865385 0.361975
2 0.703125 0.326923 0.0456731 0.0913462 0.482173
2 0.442308 0.377404 0.0480769 0.100962 0.505802
2 0.8125 0.340144 0.0288462 0.0649038 0.5101
1 0.891827 0.34976 0.0432692 0.0889423 0.579322
2 0.581731 0.276442 0.0576923 0.100962 0.608354
1 0.393029 0.361779 0.0408654 0.0985577 0.622686
1 0.671875 0.441106 0.0456731 0.112981 0.664297
2 0.956731 0.387019 0.0576923 0.100962 0.695938
1 0.332933 0.495192 0.0600962 0.115385 0.708819
1 0.510817 0.479567 0.0745192 0.165865 0.749562
