1 0.596154 0.304087 0.0336538 0.0649038 0.113752
1 0.770433 0.116587 0.0552885 0.0504808 0.12065
1 0.106971 0.103365 0.0408654 0.0673077 0.186389
1 0.449519 0.346154 0.0240385 0.0528846 0.286077
1 0.0817308 0.519231 0.0769231 0.144231 0.5107
1 0.283654 0.391827 0.0576923 0.0817308 0.510912
1 0.498798 0.450721 0.0408654 0.0841346 0.53898
1 0.127404 0.884615 0.105769 0.225962 0.539743
1 0.772837 0.480769 0.0360577 0.0769231 0.578653
1 0.348558 0.348558 0.0384615 0.0721154 0.603415
1 0.861779 0.580529 0.0504808 0.122596 0.634197
1 0.674279 0.43149 0.0408654 0.0649038 0.684503
1 0.25 0.629808 0.0576923 0.125 0.709206
1 0.554087 0.338942 0.0408654 0.0817308 0.716527
