1 0.701923 0.391827 0.0240385 0.0384615 0.131002
1 0.0204327 0.365385 0.0264423 0.0480769 0.135051
1 0.197115 0.435096 0.0288462 0.0480769 0.140917
1 0.699519 0.34976 0.0192308 0.03125 0.149666
1 0.747596 0.435096 0.0240385 0.0480769 0.344992
1 0.584135 0.356971 0.0288462 0.0504808 0.370149
1 0.401442 0.389423 0.0240385 0.0384615 0.409544
1 0.0444712 0.576923 0.0841346 0.129808 0.447662
1 0.893029 0.396635 0.0216346 0.0432692 0.468127
1 0.990385 0.456731 0.0192308 0.0673077 0.487541
1 0.233173 0.360577 0.0288462 0.0432692 0.493013
1 0.122596 0.391827 0.0240385 0.0384615 0.499644
1 0.0865385 0.425481 0.0288462 0.0528846 0.630435
1 0.439904 0.447115 0.0336538 0.0576923 0.642707
1 0.826923 0.438702 0.0480769 0.0841346 0.717342
1 0.542067 0.438702 0.0504808 0.0841346 0.748427
1 0.284856 0.515625 0.0985577 0.165865 0.777057
