1 0.123798 0.34375 0.0408654 0.0625 0.19535
1 0.138221 0.277644 0.0264423 0.0552885 0.219464
1 0.956731 0.342548 0.0336538 0.0649038 0.296378
1 0.0673077 0.28726 0.0288462 0.0697115 0.353131
1 0.686298 0.407452 0.0408654 0.0793269 0.366315
1 0.382212 0.33774 0.0288462 0.0649038 0.412756
1 0.310096 0.338942 0.0480769 0.0769231 0.59941
1 0.960337 0.680288 0.0793269 0.221154 0.612185
1 0.235577 0.467548 0.0528846 0.0889423 0.61471
1 0.949519 0.453125 0.0480769 0.0697115 0.673856
1 0.419471 0.372596 0.0408654 0.0913462 0.677673
1 0.314904 0.46875 0.0673077 0.115385 0.705895
1 0.887019 0.367788 0.0336538 0.0769231 0.710816
1 0.766827 0.582933 0.0913462 0.15625 0.723034
1 0.772837 0.335337 0.0456731 0.0889423 0.724252
1 0.865385 0.862981 0.144231 0.240385 0.732614
1 0.621394 0.383413 0.0745192 0.108173 0.748052
1 0.207933 0.793269 0.122596 0.211538 0.75008
1 0.480769 0.490385 0.0721154 0.139423 0.778511
1 0.112981 0.551683 0.115385 0.180288 0.784768
