1 0.53726 0.387019 0.0360577 0.0673077 0.143642
2 0.3125 0.34976 0.0240385 0.0456731 0.310252
1 0.46274 0.403846 0.03125 0.0625 0.457271
2 0.532452 0.385817 0.03125 0.0649038 0.463672
2 0.222356 0.34375 0.0408654 0.0721154 0.499848
2 0.393029 0.367788 0.0264423 0.0625 0.511268
1 0.348558 0.364183 0.0336538 0.0600962 0.530501
1 0.418269 0.40625 0.0336538 0.0673077 0.563323
1 0.570913 0.376202 0.03125 0.0697115 0.585561
1 0.640625 0.393029 0.0264423 0.0600962 0.595767
1 0.722356 0.331731 0.0360577 0.0625 0.620369
1 0.0336538 0.300481 0.0336538 0.0769231 0.62493
1 0.112981 0.28726 0.0384615 0.0841346 0.695492
1 0.307692 0.435096 0.0336538 0.0721154 0.707291
