2 0.8173076923076923 0.3173076923076923 0.03365384615384615 0.0673076923076923
2 0.9206730769230769 0.3233173076923077 0.03365384615384615 0.055288461538461536
2 0.6971153846153846 0.33533653846153844 0.03365384615384615 0.06490384615384616
2 0.4987980769230769 0.3485576923076923 0.03125 0.052884615384615384
2 0.5793269230769231 0.3605769230769231 0.028846153846153848 0.057692307692307696
2 0.4230769230769231 0.3858173076923077 0.028846153846153848 0.06009615384615385
2 0.28365384615384615 0.40625 0.028846153846153848 0.057692307692307696
2 0.08774038461538461 0.40865384615384615 0.021634615384615384 0.057692307692307696
2 0.35336538461538464 0.4182692307692308 0.028846153846153848 0.057692307692307696
2 0.16466346153846154 0.42427884615384615 0.021634615384615384 0.040865384615384616
2 0.22115384615384615 0.43149038461538464 0.02403846153846154 0.05048076923076923
2 0.7848557692307693 0.5072115384615384 0.026442307692307692 0.04326923076923077
2 0.8605769230769231 0.5120192307692307 0.028846153846153848 0.052884615384615384
2 0.6442307692307693 0.5180288461538461 0.02403846153846154 0.06009615384615385
2 0.19471153846153846 0.5192307692307693 0.02403846153846154 0.04326923076923077
2 0.3942307692307692 0.5216346153846154 0.028846153846153848 0.04326923076923077
2 0.5384615384615384 0.5240384615384616 0.019230769230769232 0.052884615384615384
2 0.3317307692307692 0.5264423076923077 0.02403846153846154 0.04326923076923077
2 0.4495192307692308 0.5336538461538461 0.02403846153846154 0.052884615384615384
2 0.23798076923076922 0.5372596153846154 0.02403846153846154 0.05048076923076923
2 0.037259615384615384 0.5408653846153846 0.021634615384615384 0.03365384615384615
2 0.1045673076923077 0.5408653846153846 0.021634615384615384 0.038461538461538464