2 0.4098557692307692 0.11658653846153846 0.021634615384615384 0.040865384615384616
2 0.6057692307692307 0.140625 0.02403846153846154 0.04567307692307692
1 0.5480769230769231 0.15504807692307693 0.014423076923076924 0.040865384615384616
2 0.9326923076923077 0.171875 0.038461538461538464 0.07451923076923077
1 0.37740384615384615 0.17427884615384615 0.03365384615384615 0.06009615384615385
1 0.22716346153846154 0.17548076923076922 0.06009615384615385 0.08173076923076923
0 0.8786057692307693 0.18269230769230768 0.03125 0.0673076923076923
1 0.5072115384615384 0.1875 0.02403846153846154 0.052884615384615384
1 0.6574519230769231 0.1935096153846154 0.03125 0.06490384615384616
1 0.6201923076923077 0.203125 0.03365384615384615 0.07451923076923077
1 0.12379807692307693 0.2247596153846154 0.05048076923076923 0.06971153846153846
1 0.7115384615384616 0.2283653846153846 0.03365384615384615 0.0673076923076923