1 0.28725961538461536 0.38341346153846156 0.016826923076923076 0.040865384615384616
0 0.6334134615384616 0.4026442307692308 0.03125 0.04567307692307692
1 0.7668269230769231 0.4026442307692308 0.028846153846153848 0.06971153846153846
1 0.2283653846153846 0.4026442307692308 0.019230769230769232 0.040865384615384616
1 0.42427884615384615 0.40625 0.021634615384615384 0.038461538461538464
1 0.04447115384615385 0.4098557692307692 0.026442307692307692 0.06971153846153846
1 0.5528846153846154 0.41225961538461536 0.02403846153846154 0.04567307692307692
1 0.11778846153846154 0.41225961538461536 0.019230769230769232 0.036057692307692304
0 0.1814903846153846 0.41466346153846156 0.036057692307692304 0.055288461538461536
1 0.49038461538461536 0.41586538461538464 0.028846153846153848 0.0673076923076923
1 0.7355769230769231 0.42908653846153844 0.028846153846153848 0.06009615384615385
1 0.9038461538461539 0.4519230769230769 0.02403846153846154 0.057692307692307696
1 0.29447115384615385 0.46274038461538464 0.03125 0.07451923076923077
1 0.8329326923076923 0.48677884615384615 0.021634615384615384 0.06490384615384616
1 0.6814903846153846 0.5300480769230769 0.03125 0.06009615384615385