2 0.7283653846153846 0.2512019230769231 0.03365384615384615 0.06490384615384616
2 0.5144230769230769 0.2548076923076923 0.03365384615384615 0.052884615384615384
2 0.828125 0.25721153846153844 0.036057692307692304 0.0673076923076923
2 0.6274038461538461 0.2644230769230769 0.03365384615384615 0.057692307692307696
2 0.4098557692307692 0.26802884615384615 0.036057692307692304 0.055288461538461536
2 0.21634615384615385 0.2764423076923077 0.03365384615384615 0.0625
2 0.3161057692307692 0.28125 0.036057692307692304 0.057692307692307696
2 0.8737980769230769 0.49038461538461536 0.036057692307692304 0.0673076923076923
2 0.6322115384615384 0.5336538461538461 0.03365384615384615 0.0625
2 0.7451923076923077 0.5336538461538461 0.038461538461538464 0.0625
2 0.41346153846153844 0.5348557692307693 0.03365384615384615 0.06009615384615385
2 0.14423076923076922 0.5384615384615384 0.038461538461538464 0.0673076923076923
2 0.5288461538461539 0.5588942307692307 0.03365384615384615 0.06009615384615385
2 0.2824519230769231 0.5769230769230769 0.036057692307692304 0.0625