0 0.5288461538461539 0.33774038461538464 0.055288461538461536 0.08653846153846154
0 0.5913461538461539 0.35096153846153844 0.04326923076923077 0.06971153846153846
1 0.6598557692307693 0.3701923076923077 0.038461538461538464 0.07692307692307693
0 0.7980769230769231 0.32091346153846156 0.06490384615384616 0.1201923076923077
0 0.8870192307692307 0.34615384615384615 0.06490384615384616 0.10336538461538461
1 0.35096153846153844 0.35697115384615385 0.04807692307692308 0.0625
0 0.41947115384615385 0.3737980769230769 0.036057692307692304 0.0625
0 0.2824519230769231 0.3581730769230769 0.04326923076923077 0.0673076923076923
0 0.4699519230769231 0.34375 0.05048076923076923 0.0889423076923077
0 0.234375 0.3557692307692308 0.040865384615384616 0.0625
0 0.7175480769230769 0.3737980769230769 0.038461538461538464 0.04807692307692308
0 0.17668269230769232 0.33774038461538464 0.03125 0.05048076923076923