1 0.10216346153846154 0.5288461538461539 0.03125 0.06490384615384616
1 0.24879807692307693 0.5456730769230769 0.028846153846153848 0.06490384615384616
1 0.5300480769230769 0.6057692307692307 0.055288461538461536 0.125
1 0.6646634615384616 0.6286057692307693 0.028846153846153848 0.06971153846153846
1 0.47836538461538464 0.6358173076923077 0.036057692307692304 0.11057692307692307
2 0.3786057692307692 0.640625 0.026442307692307692 0.0673076923076923
1 0.6346153846153846 0.7259615384615384 0.03125 0.10576923076923077
1 0.078125 0.7319711538461539 0.06971153846153846 0.14903846153846154
0 0.9675480769230769 0.7451923076923077 0.06009615384615385 0.19471153846153846
1 0.31971153846153844 0.7487980769230769 0.038461538461538464 0.08173076923076923
1 0.9026442307692307 0.765625 0.06490384615384616 0.17548076923076922
2 0.5661057692307693 0.7704326923076923 0.06971153846153846 0.15865384615384615
1 0.4230769230769231 0.7716346153846154 0.07211538461538461 0.14903846153846154
1 0.21033653846153846 0.8341346153846154 0.06490384615384616 0.1778846153846154