1 0.34615384615384615 0.07572115384615384 0.0625 0.11538461538461539
1 0.49158653846153844 0.18629807692307693 0.06490384615384616 0.12740384615384615
1 0.6286057692307693 0.08173076923076923 0.057692307692307696 0.11538461538461539
1 0.6911057692307693 0.22115384615384615 0.055288461538461536 0.125
0 0.8461538461538461 0.06370192307692307 0.06009615384615385 0.11298076923076923
2 0.8942307692307693 0.1622596153846154 0.04807692307692308 0.1201923076923077
1 0.7151442307692307 0.515625 0.08413461538461539 0.22115384615384615
1 0.5324519230769231 0.7415865384615384 0.09134615384615384 0.1971153846153846
1 0.43990384615384615 0.5060096153846154 0.07692307692307693 0.12259615384615384
1 0.41225961538461536 0.27403846153846156 0.04567307692307692 0.1346153846153846
1 0.1875 0.22235576923076922 0.0673076923076923 0.11538461538461539
1 0.1346153846153846 0.19110576923076922 0.05048076923076923 0.10817307692307693
1 0.2824519230769231 0.8016826923076923 0.07451923076923077 0.1875
1 0.2824519230769231 0.054086538461538464 0.04326923076923077 0.0985576923076923