2 0.31490384615384615 0.7403846153846154 0.040865384615384616 0.09375
2 0.27163461538461536 0.6911057692307693 0.03365384615384615 0.07932692307692307
2 0.22235576923076922 0.5733173076923077 0.04326923076923077 0.08173076923076923
2 0.4026442307692308 0.5901442307692307 0.04326923076923077 0.07932692307692307
2 0.4963942307692308 0.5793269230769231 0.04326923076923077 0.07211538461538461
2 0.6129807692307693 0.5300480769230769 0.055288461538461536 0.08413461538461539
2 0.65625 0.4110576923076923 0.04807692307692308 0.06490384615384616
2 0.7475961538461539 0.36177884615384615 0.04807692307692308 0.06009615384615385
2 0.7151442307692307 0.3076923076923077 0.038461538461538464 0.0673076923076923
2 0.6478365384615384 0.2692307692307692 0.055288461538461536 0.07451923076923077
2 0.5853365384615384 0.265625 0.040865384615384616 0.0625
2 0.47475961538461536 0.23918269230769232 0.040865384615384616 0.0625
2 0.34375 0.3245192307692308 0.03125 0.07451923076923077
2 0.3173076923076923 0.4567307692307692 0.04567307692307692 0.08173076923076923
2 0.22716346153846154 0.4375 0.04567307692307692 0.07692307692307693
2 0.2704326923076923 0.28966346153846156 0.038461538461538464 0.0889423076923077
2 0.3473557692307692 0.25961538461538464 0.038461538461538464 0.05048076923076923
2 0.4206730769230769 0.4182692307692308 0.04326923076923077 0.05048076923076923