2 0.14783653846153846 0.2536057692307692 0.028846153846153848 0.07932692307692307
2 0.21995192307692307 0.2776442307692308 0.036057692307692304 0.06490384615384616
2 0.328125 0.3173076923076923 0.028846153846153848 0.055288461538461536
2 0.39302884615384615 0.30408653846153844 0.028846153846153848 0.06490384615384616
2 0.4723557692307692 0.3004807692307692 0.02403846153846154 0.0625
2 0.5204326923076923 0.31971153846153844 0.021634615384615384 0.06009615384615385
2 0.6502403846153846 0.29086538461538464 0.026442307692307692 0.055288461538461536
2 0.8617788461538461 0.2800480769230769 0.028846153846153848 0.0673076923076923
2 0.8798076923076923 0.21033653846153846 0.021634615384615384 0.0673076923076923
2 0.8209134615384616 0.22716346153846154 0.026442307692307692 0.052884615384615384
2 0.7800480769230769 0.20432692307692307 0.026442307692307692 0.055288461538461536
2 0.7331730769230769 0.20552884615384615 0.021634615384615384 0.04807692307692308
2 0.6875 0.22956730769230768 0.026442307692307692 0.055288461538461536
2 0.6201923076923077 0.26322115384615385 0.02403846153846154 0.04807692307692308
2 0.5673076923076923 0.21514423076923078 0.02403846153846154 0.07211538461538461
2 0.5288461538461539 0.21634615384615385 0.026442307692307692 0.055288461538461536
2 0.4723557692307692 0.21033653846153846 0.026442307692307692 0.057692307692307696
2 0.39903846153846156 0.22956730769230768 0.02403846153846154 0.040865384615384616
2 0.34615384615384615 0.21875 0.028846153846153848 0.057692307692307696
2 0.27884615384615385 0.23317307692307693 0.021634615384615384 0.0625
2 0.30408653846153844 0.20072115384615385 0.016826923076923076 0.052884615384615384
2 0.19591346153846154 0.18389423076923078 0.03125 0.0625