2 0.13701923076923078 0.16105769230769232 0.06009615384615385 0.1201923076923077
0 0.31009615384615385 0.45552884615384615 0.07932692307692307 0.16826923076923078
0 0.1201923076923077 0.796875 0.06971153846153846 0.1778846153846154
2 0.19951923076923078 0.3389423076923077 0.07211538461538461 0.125
2 0.38221153846153844 0.18990384615384615 0.055288461538461536 0.10096153846153846
0 0.47475961538461536 0.4326923076923077 0.1346153846153846 0.24759615384615385
1 0.7163461538461539 0.6574519230769231 0.11057692307692307 0.23557692307692307
1 0.8617788461538461 0.23798076923076922 0.11057692307692307 0.18509615384615385
1 0.6706730769230769 0.2512019230769231 0.06009615384615385 0.11778846153846154
1 0.5372596153846154 0.109375 0.04326923076923077 0.10096153846153846
2 0.49278846153846156 0.06850961538461539 0.03365384615384615 0.07451923076923077
2 0.33653846153846156 0.055288461538461536 0.040865384615384616 0.08173076923076923