1 0.11778846153846154 0.12980769230769232 0.06490384615384616 0.1466346153846154
1 0.22596153846153846 0.12980769230769232 0.07211538461538461 0.14423076923076922
1 0.3317307692307692 0.14182692307692307 0.08653846153846154 0.17067307692307693
1 0.43149038461538464 0.14423076923076922 0.09375 0.18028846153846154
1 0.5384615384615384 0.14783653846153846 0.08653846153846154 0.17307692307692307
1 0.6454326923076923 0.13341346153846154 0.09375 0.16346153846153846
1 0.75 0.14302884615384615 0.0889423076923077 0.17548076923076922
1 0.8557692307692307 0.13341346153846154 0.08173076923076923 0.1658653846153846
1 0.9639423076923077 0.12740384615384615 0.0673076923076923 0.15865384615384615
1 0.11778846153846154 0.39903846153846156 0.06971153846153846 0.10817307692307693
1 0.22115384615384615 0.3701923076923077 0.06009615384615385 0.14182692307692307
1 0.3329326923076923 0.38100961538461536 0.07211538461538461 0.13701923076923078
1 0.4375 0.3918269230769231 0.07692307692307693 0.15865384615384615
1 0.5408653846153846 0.3942307692307692 0.07451923076923077 0.1875
1 0.6490384615384616 0.4014423076923077 0.08653846153846154 0.15865384615384615
1 0.7524038461538461 0.3894230769230769 0.06971153846153846 0.12980769230769232
1 0.8605769230769231 0.3870192307692308 0.07932692307692307 0.17067307692307693
1 0.9627403846153846 0.3918269230769231 0.06490384615384616 0.1466346153846154
1 0.1201923076923077 0.6310096153846154 0.07932692307692307 0.16105769230769232
1 0.22355769230769232 0.6322115384615384 0.0673076923076923 0.15865384615384615
1 0.33052884615384615 0.6141826923076923 0.06490384615384616 0.1466346153846154
1 0.43990384615384615 0.6550480769230769 0.07932692307692307 0.1466346153846154
1 0.5396634615384616 0.6382211538461539 0.07211538461538461 0.14182692307692307
1 0.6478365384615384 0.6322115384615384 0.07451923076923077 0.1658653846153846
1 0.7548076923076923 0.6790865384615384 0.06490384615384616 0.11538461538461539
1 0.859375 0.6502403846153846 0.0673076923076923 0.15384615384615385
1 0.9579326923076923 0.6466346153846154 0.06971153846153846 0.15865384615384615
1 0.1201923076923077 0.8822115384615384 0.07451923076923077 0.1778846153846154
1 0.2283653846153846 0.8882211538461539 0.06971153846153846 0.15384615384615385
1 0.3293269230769231 0.8834134615384616 0.07211538461538461 0.18269230769230768
1 0.4338942307692308 0.8737980769230769 0.06009615384615385 0.1466346153846154
1 0.5420673076923077 0.8786057692307693 0.06490384615384616 0.15144230769230768
1 0.6466346153846154 0.8810096153846154 0.08173076923076923 0.18269230769230768
1 0.75 0.875 0.09134615384615384 0.1778846153846154
1 0.8581730769230769 0.8737980769230769 0.07451923076923077 0.16105769230769232
1 0.9663461538461539 0.8677884615384616 0.0625 0.15625