1 0.14783653846153846 0.6009615384615384 0.125 0.20432692307692307
1 0.5288461538461539 0.5600961538461539 0.10817307692307693 0.16826923076923078
1 0.9182692307692307 0.44591346153846156 0.057692307692307696 0.0625
1 0.7668269230769231 0.4074519230769231 0.03125 0.052884615384615384
1 0.6646634615384616 0.4375 0.040865384615384616 0.08413461538461539
1 0.41346153846153844 0.49158653846153844 0.05048076923076923 0.10576923076923077
2 0.30649038461538464 0.3894230769230769 0.028846153846153848 0.08413461538461539
2 0.5925480769230769 0.32572115384615385 0.03125 0.08173076923076923
2 0.8269230769230769 0.3557692307692308 0.038461538461538464 0.0625
2 0.9663461538461539 0.36899038461538464 0.04326923076923077 0.0673076923076923
2 0.4483173076923077 0.36778846153846156 0.02403846153846154 0.05048076923076923
1 0.4987980769230769 0.33774038461538464 0.02403846153846154 0.0673076923076923