1 0.17908653846153846 0.5072115384615384 0.07211538461538461 0.13221153846153846
1 0.31850961538461536 0.6658653846153846 0.06009615384615385 0.125
1 0.5264423076923077 0.6009615384615384 0.04807692307692308 0.15865384615384615
1 0.7848557692307693 0.6670673076923077 0.12740384615384615 0.3076923076923077
1 0.9519230769230769 0.41586538461538464 0.04326923076923077 0.09134615384615384
1 0.5324519230769231 0.49038461538461536 0.038461538461538464 0.07211538461538461
1 0.44350961538461536 0.4543269230769231 0.028846153846153848 0.06009615384615385
1 0.33413461538461536 0.5072115384615384 0.028846153846153848 0.055288461538461536
1 0.4230769230769231 0.6442307692307693 0.03125 0.055288461538461536
1 0.6418269230769231 0.49759615384615385 0.036057692307692304 0.0889423076923077
1 0.8713942307692307 0.44350961538461536 0.02403846153846154 0.055288461538461536
1 0.04567307692307692 0.4795673076923077 0.026442307692307692 0.052884615384615384
1 0.13221153846153846 0.5420673076923077 0.03365384615384615 0.06971153846153846
1 0.29447115384615385 0.42427884615384615 0.021634615384615384 0.055288461538461536
1 0.3557692307692308 0.40625 0.019230769230769232 0.05048076923076923