2 0.09735576923076923 0.2403846153846154 0.06490384615384616 0.12980769230769232
1 0.21033653846153846 0.38341346153846156 0.06971153846153846 0.13221153846153846
1 0.31009615384615385 0.5036057692307693 0.08413461538461539 0.17307692307692307
1 0.890625 0.8353365384615384 0.1346153846153846 0.27163461538461536
1 0.6670673076923077 0.4110576923076923 0.0673076923076923 0.15384615384615385
1 0.7704326923076923 0.25721153846153844 0.057692307692307696 0.11538461538461539
1 0.47836538461538464 0.2800480769230769 0.052884615384615384 0.11538461538461539
1 0.3425480769230769 0.18028846153846154 0.036057692307692304 0.08173076923076923
1 0.23317307692307693 0.1935096153846154 0.040865384615384616 0.08173076923076923
1 0.41586538461538464 0.234375 0.026442307692307692 0.0673076923076923
1 0.3870192307692308 0.1971153846153846 0.02403846153846154 0.052884615384615384
1 0.27163461538461536 0.19831730769230768 0.02403846153846154 0.057692307692307696
2 0.5432692307692307 0.203125 0.036057692307692304 0.08173076923076923