1 0.8990384615384616 0.31490384615384615 0.040865384615384616 0.07451923076923077
1 0.8473557692307693 0.29086538461538464 0.038461538461538464 0.07932692307692307
1 0.6730769230769231 0.33052884615384615 0.038461538461538464 0.08653846153846154
1 0.7367788461538461 0.2668269230769231 0.04326923076923077 0.0889423076923077
1 0.6117788461538461 0.2620192307692308 0.03365384615384615 0.08173076923076923
1 0.5432692307692307 0.3245192307692308 0.03365384615384615 0.07692307692307693
1 0.3317307692307692 0.31850961538461536 0.026442307692307692 0.057692307692307696
1 0.04567307692307692 0.36538461538461536 0.026442307692307692 0.04807692307692308
2 0.16947115384615385 0.4026442307692308 0.021634615384615384 0.04807692307692308
2 0.4831730769230769 0.2980769230769231 0.028846153846153848 0.07211538461538461
0 0.39783653846153844 0.2920673076923077 0.019230769230769232 0.07692307692307693
0 0.9314903846153846 0.21875 0.04326923076923077 0.10096153846153846
1 0.38461538461538464 0.3004807692307692 0.01201923076923077 0.06009615384615385
0 0.25 0.2824519230769231 0.036057692307692304 0.06971153846153846