1 0.5180288461538461 0.41346153846153844 0.06971153846153846 0.13701923076923078
1 0.19471153846153846 0.3269230769230769 0.07451923076923077 0.14903846153846154
2 0.15144230769230768 0.7115384615384616 0.10576923076923077 0.19230769230769232
2 0.265625 0.5841346153846154 0.07932692307692307 0.15144230769230768
2 0.03485576923076923 0.5264423076923077 0.06971153846153846 0.12980769230769232
2 0.28966346153846156 0.12620192307692307 0.05048076923076923 0.09134615384615384
2 0.3173076923076923 0.27884615384615385 0.07211538461538461 0.16105769230769232
2 0.796875 0.3112980769230769 0.07932692307692307 0.15865384615384615
2 0.45913461538461536 0.7379807692307693 0.08413461538461539 0.15625
2 0.7704326923076923 0.7175480769230769 0.07451923076923077 0.18990384615384615
2 0.7536057692307693 0.5492788461538461 0.057692307692307696 0.16346153846153846