1 0.5456730769230769 0.4855769230769231 0.03365384615384615 0.0673076923076923
1 0.4387019230769231 0.5528846153846154 0.036057692307692304 0.06971153846153846
1 0.3245192307692308 0.4987980769230769 0.040865384615384616 0.0673076923076923
1 0.09975961538461539 0.47836538461538464 0.03365384615384615 0.07451923076923077
1 0.3786057692307692 0.8149038461538461 0.04326923076923077 0.07451923076923077
1 0.7127403846153846 0.7824519230769231 0.036057692307692304 0.07932692307692307
1 0.9543269230769231 0.7331730769230769 0.040865384615384616 0.06009615384615385
1 0.7992788461538461 0.5408653846153846 0.028846153846153848 0.055288461538461536
1 0.7704326923076923 0.3629807692307692 0.028846153846153848 0.07692307692307693
1 0.8990384615384616 0.4891826923076923 0.03125 0.057692307692307696
1 0.34615384615384615 0.35216346153846156 0.036057692307692304 0.04567307692307692
1 0.24158653846153846 0.30408653846153844 0.028846153846153848 0.052884615384615384
1 0.03485576923076923 0.3581730769230769 0.03365384615384615 0.057692307692307696
1 0.08052884615384616 0.28966346153846156 0.036057692307692304 0.052884615384615384
1 0.1466346153846154 0.16706730769230768 0.028846153846153848 0.05048076923076923
1 0.6346153846153846 0.24519230769230768 0.028846153846153848 0.0625
1 0.3004807692307692 0.22355769230769232 0.028846153846153848 0.057692307692307696
1 0.5661057692307693 0.19831730769230768 0.028846153846153848 0.052884615384615384
1 0.2536057692307692 0.8689903846153846 0.04567307692307692 0.06490384615384616
1 0.12259615384615384 0.7920673076923077 0.040865384615384616 0.06490384615384616
1 0.17427884615384615 0.5793269230769231 0.04807692307692308 0.08173076923076923