2 0.9519230769230769 0.21875 0.07932692307692307 0.18028846153846154
0 0.3894230769230769 0.21995192307692307 0.0889423076923077 0.20432692307692307
2 0.8894230769230769 0.2956730769230769 0.016826923076923076 0.04807692307692308
2 0.12620192307692307 0.29927884615384615 0.028846153846153848 0.04567307692307692
2 0.7788461538461539 0.3016826923076923 0.04326923076923077 0.10096153846153846
2 0.4266826923076923 0.3245192307692308 0.014423076923076924 0.03125
0 0.02403846153846154 0.3293269230769231 0.04567307692307692 0.13942307692307693
2 0.7139423076923077 0.33052884615384615 0.038461538461538464 0.0889423076923077
2 0.8521634615384616 0.33533653846153844 0.02403846153846154 0.06009615384615385
2 0.6334134615384616 0.43149038461538464 0.06490384615384616 0.15625
2 0.44350961538461536 0.5757211538461539 0.028846153846153848 0.0889423076923077
2 0.05048076923076923 0.7079326923076923 0.057692307692307696 0.1201923076923077