1 0.06971153846153846 0.44591346153846156 0.10817307692307693 0.15865384615384615
1 0.34134615384615385 0.3918269230769231 0.08173076923076923 0.16346153846153846
1 0.46033653846153844 0.25841346153846156 0.057692307692307696 0.13701923076923078
1 0.6237980769230769 0.41466346153846156 0.06009615384615385 0.12980769230769232
1 0.7680288461538461 0.3737980769230769 0.06009615384615385 0.12740384615384615
1 0.19110576923076922 0.28365384615384615 0.05048076923076923 0.12740384615384615
1 0.8870192307692307 0.30408653846153844 0.052884615384615384 0.12740384615384615
1 0.5661057692307693 0.24639423076923078 0.05048076923076923 0.09375
1 0.7776442307692307 0.20072115384615385 0.055288461538461536 0.10336538461538461
1 0.16346153846153846 0.45913461538461536 0.055288461538461536 0.18028846153846154
2 0.6610576923076923 0.15264423076923078 0.038461538461538464 0.06971153846153846