1 0.1778846153846154 0.671875 0.13942307692307693 0.23076923076923078
1 0.5612980769230769 0.8016826923076923 0.1466346153846154 0.2091346153846154
1 0.4254807692307692 0.5841346153846154 0.10817307692307693 0.18509615384615385
1 0.5288461538461539 0.37740384615384615 0.10096153846153846 0.1875
1 0.8521634615384616 0.46033653846153844 0.11298076923076923 0.23557692307692307
1 0.71875 0.16826923076923078 0.08413461538461539 0.13942307692307693
1 0.171875 0.38822115384615385 0.10096153846153846 0.17548076923076922
1 0.34975961538461536 0.3076923076923077 0.09375 0.14182692307692307
1 0.04927884615384615 0.25600961538461536 0.07932692307692307 0.12980769230769232
1 0.22716346153846154 0.14302884615384615 0.08173076923076923 0.125
1 0.4170673076923077 0.21754807692307693 0.06490384615384616 0.13221153846153846
1 0.5120192307692307 0.13942307692307693 0.0673076923076923 0.12740384615384615
1 0.5673076923076923 0.0829326923076923 0.06009615384615385 0.13221153846153846
1 0.9399038461538461 0.19591346153846154 0.0673076923076923 0.13701923076923078