1 0.11658653846153846 0.8173076923076923 0.04567307692307692 0.10817307692307693
1 0.34615384615384615 0.8112980769230769 0.04807692307692308 0.11298076923076923
1 0.5733173076923077 0.7824519230769231 0.06009615384615385 0.08173076923076923
1 0.7259615384615384 0.8966346153846154 0.06009615384615385 0.09375
1 0.6117788461538461 0.671875 0.040865384615384616 0.06971153846153846
1 0.47836538461538464 0.5540865384615384 0.04326923076923077 0.09134615384615384
1 0.1935096153846154 0.6153846153846154 0.05048076923076923 0.11057692307692307
1 0.4362980769230769 0.42908653846153844 0.03365384615384615 0.0889423076923077
1 0.6658653846153846 0.3233173076923077 0.03365384615384615 0.07932692307692307
1 0.49399038461538464 0.2848557692307692 0.036057692307692304 0.08173076923076923
1 0.8762019230769231 0.2283653846153846 0.026442307692307692 0.07211538461538461
1 0.7235576923076923 0.38822115384615385 0.038461538461538464 0.07932692307692307
1 0.671875 0.44591346153846156 0.038461538461538464 0.09134615384615384
1 0.9579326923076923 0.7644230769230769 0.04326923076923077 0.10336538461538461
1 0.7896634615384616 0.8353365384615384 0.038461538461538464 0.09134615384615384
1 0.054086538461538464 0.40384615384615385 0.03365384615384615 0.08413461538461539
1 0.15384615384615385 0.23197115384615385 0.028846153846153848 0.09375
1 0.12620192307692307 0.1814903846153846 0.026442307692307692 0.06971153846153846
1 0.2860576923076923 0.17067307692307693 0.038461538461538464 0.0673076923076923
1 0.39903846153846156 0.09975961538461539 0.03125 0.057692307692307696
1 0.33052884615384615 0.6923076923076923 0.038461538461538464 0.08653846153846154