1 0.24879807692307693 0.1971153846153846 0.055288461538461536 0.10576923076923077
1 0.9146634615384616 0.27524038461538464 0.055288461538461536 0.09615384615384616
2 0.8257211538461539 0.24278846153846154 0.055288461538461536 0.07451923076923077
1 0.7524038461538461 0.2764423076923077 0.04567307692307692 0.08173076923076923
1 0.6430288461538461 0.28966346153846156 0.04807692307692308 0.057692307692307696
0 0.5024038461538461 0.23557692307692307 0.036057692307692304 0.0625
2 0.43028846153846156 0.21995192307692307 0.026442307692307692 0.052884615384615384
2 0.4519230769230769 0.29086538461538464 0.038461538461538464 0.057692307692307696
1 0.3918269230769231 0.234375 0.03365384615384615 0.052884615384615384
1 0.6105769230769231 0.21634615384615385 0.019230769230769232 0.052884615384615384
2 0.3329326923076923 0.28365384615384615 0.036057692307692304 0.04807692307692308