2 0.09134615384615384 0.328125 0.04567307692307692 0.10336538461538461
1 0.20673076923076922 0.6923076923076923 0.05048076923076923 0.08413461538461539
1 0.40384615384615385 0.5961538461538461 0.040865384615384616 0.0889423076923077
1 0.5721153846153846 0.6189903846153846 0.055288461538461536 0.11057692307692307
1 0.6574519230769231 0.6598557692307693 0.038461538461538464 0.08413461538461539
1 0.8088942307692307 0.6742788461538461 0.04326923076923077 0.0889423076923077
1 0.9026442307692307 0.42788461538461536 0.038461538461538464 0.09375
1 0.47475961538461536 0.39783653846153844 0.028846153846153848 0.0673076923076923
1 0.21514423076923078 0.3245192307692308 0.04326923076923077 0.10817307692307693
1 0.3233173076923077 0.3545673076923077 0.03125 0.0985576923076923
2 0.4723557692307692 0.39663461538461536 0.028846153846153848 0.07692307692307693