1 0.6117788461538461 0.2403846153846154 0.019230769230769232 0.040865384615384616
1 0.734375 0.24278846153846154 0.02403846153846154 0.04326923076923077
1 0.8701923076923077 0.27283653846153844 0.026442307692307692 0.04326923076923077
1 0.9735576923076923 0.2620192307692308 0.016826923076923076 0.055288461538461536
1 0.7079326923076923 0.49278846153846156 0.028846153846153848 0.040865384615384616
1 0.47115384615384615 0.4651442307692308 0.026442307692307692 0.04567307692307692
1 0.3473557692307692 0.42788461538461536 0.021634615384615384 0.038461538461538464
1 0.4963942307692308 0.24879807692307693 0.021634615384615384 0.04326923076923077
1 0.40865384615384615 0.25721153846153844 0.02403846153846154 0.038461538461538464
1 0.203125 0.2692307692307692 0.016826923076923076 0.03365384615384615
1 0.27403846153846156 0.2800480769230769 0.019230769230769232 0.028846153846153848
1 0.10817307692307693 0.3137019230769231 0.021634615384615384 0.038461538461538464
1 0.04326923076923077 0.46153846153846156 0.02403846153846154 0.04326923076923077
1 0.17067307692307693 0.46634615384615385 0.019230769230769232 0.04567307692307692
1 0.040865384615384616 0.4182692307692308 0.026442307692307692 0.040865384615384616