1 0.25721153846153844 0.5048076923076923 0.14903846153846154 0.28365384615384615
1 0.2800480769230769 0.1502403846153846 0.02403846153846154 0.05048076923076923
1 0.31009615384615385 0.125 0.02403846153846154 0.04326923076923077
1 0.37259615384615385 0.11538461538461539 0.02403846153846154 0.04567307692307692
1 0.41947115384615385 0.109375 0.021634615384615384 0.04567307692307692
1 0.46875 0.109375 0.026442307692307692 0.04567307692307692
1 0.5276442307692307 0.12740384615384615 0.016826923076923076 0.036057692307692304
1 0.5757211538461539 0.12379807692307693 0.021634615384615384 0.038461538461538464
1 0.7055288461538461 0.20673076923076922 0.026442307692307692 0.036057692307692304
1 0.7403846153846154 0.26322115384615385 0.026442307692307692 0.057692307692307696
1 0.6826923076923077 0.27163461538461536 0.021634615384615384 0.036057692307692304
1 0.6550480769230769 0.2091346153846154 0.016826923076923076 0.03125
1 0.5949519230769231 0.19230769230769232 0.021634615384615384 0.03125
1 0.6189903846153846 0.25 0.02403846153846154 0.04567307692307692
1 0.5504807692307693 0.24639423076923078 0.02403846153846154 0.04326923076923077
1 0.5348557692307693 0.19471153846153846 0.019230769230769232 0.04567307692307692
1 0.4699519230769231 0.18509615384615385 0.026442307692307692 0.040865384615384616
1 0.40384615384615385 0.18389423076923078 0.026442307692307692 0.040865384615384616
1 0.34375 0.1778846153846154 0.03365384615384615 0.038461538461538464
1 0.30408653846153844 0.2644230769230769 0.026442307692307692 0.040865384615384616
1 0.3581730769230769 0.2548076923076923 0.021634615384615384 0.040865384615384616
1 0.42427884615384615 0.22355769230769232 0.021634615384615384 0.05048076923076923
1 0.49158653846153844 0.265625 0.028846153846153848 0.04326923076923077
1 0.6995192307692307 0.41346153846153844 0.021634615384615384 0.04326923076923077
1 0.6057692307692307 0.39302884615384615 0.028846153846153848 0.036057692307692304
1 0.5540865384615384 0.3954326923076923 0.02403846153846154 0.038461538461538464
1 0.4651442307692308 0.40625 0.02403846153846154 0.028846153846153848
1 0.40384615384615385 0.38341346153846156 0.021634615384615384 0.03365384615384615
1 0.3329326923076923 0.37740384615384615 0.03365384615384615 0.04326923076923077