1 0.40625 0.5336538461538461 0.057692307692307696 0.10096153846153846
1 0.4639423076923077 0.48197115384615385 0.02403846153846154 0.06971153846153846
1 0.5168269230769231 0.46274038461538464 0.028846153846153848 0.07451923076923077
1 0.5528846153846154 0.5817307692307693 0.055288461538461536 0.11057692307692307
1 0.6358173076923077 0.43990384615384615 0.04326923076923077 0.07932692307692307
1 0.734375 0.49759615384615385 0.04326923076923077 0.07932692307692307
1 0.7259615384615384 0.6021634615384616 0.05048076923076923 0.10096153846153846
1 0.9699519230769231 0.46033653846153844 0.052884615384615384 0.16346153846153846
1 0.07572115384615384 0.4735576923076923 0.0985576923076923 0.15865384615384615
1 0.265625 0.4266826923076923 0.026442307692307692 0.052884615384615384
1 0.32091346153846156 0.36538461538461536 0.021634615384615384 0.057692307692307696
1 0.3701923076923077 0.3581730769230769 0.02403846153846154 0.04326923076923077
1 0.38822115384615385 0.42908653846153844 0.038461538461538464 0.057692307692307696
1 0.33774038461538464 0.49158653846153844 0.04326923076923077 0.04807692307692308
1 0.20793269230769232 0.4206730769230769 0.03125 0.07451923076923077
1 0.6862980769230769 0.41346153846153844 0.02403846153846154 0.04807692307692308
1 0.7884615384615384 0.53125 0.04567307692307692 0.08413461538461539
1 0.5637019230769231 0.43149038461538464 0.03365384615384615 0.052884615384615384
1 0.6057692307692307 0.3473557692307692 0.026442307692307692 0.052884615384615384