1 0.3870192307692308 0.49038461538461536 0.04807692307692308 0.09615384615384616
1 0.59375 0.4879807692307692 0.038461538461538464 0.08173076923076923
1 0.17067307692307693 0.375 0.04567307692307692 0.07692307692307693
1 0.3161057692307692 0.25600961538461536 0.02403846153846154 0.07211538461538461
1 0.8653846153846154 0.4495192307692308 0.04326923076923077 0.07451923076923077
1 0.6129807692307693 0.2668269230769231 0.038461538461538464 0.06971153846153846
1 0.6947115384615384 0.27884615384615385 0.055288461538461536 0.07692307692307693
1 0.9459134615384616 0.28725961538461536 0.04326923076923077 0.06009615384615385
1 0.8822115384615384 0.09975961538461539 0.04567307692307692 0.09615384615384616
1 0.08052884615384616 0.45552884615384615 0.04326923076923077 0.09134615384615384
1 0.4699519230769231 0.18509615384615385 0.04567307692307692 0.07692307692307693
1 0.7043269230769231 0.09615384615384616 0.04326923076923077 0.0625