1 0.0829326923076923 0.42427884615384615 0.03125 0.07692307692307693
2 0.16346153846153846 0.35336538461538464 0.03365384615384615 0.08413461538461539
2 0.2247596153846154 0.4411057692307692 0.036057692307692304 0.07451923076923077
2 0.3245192307692308 0.3629807692307692 0.028846153846153848 0.07451923076923077
1 0.3918269230769231 0.48197115384615385 0.04567307692307692 0.08173076923076923
1 0.5300480769230769 0.5697115384615384 0.04326923076923077 0.07451923076923077
1 0.5877403846153846 0.4014423076923077 0.04326923076923077 0.0889423076923077
1 0.7752403846153846 0.44591346153846156 0.02403846153846154 0.07932692307692307
2 0.7415865384615384 0.35096153846153844 0.036057692307692304 0.06971153846153846
2 0.8149038461538461 0.4266826923076923 0.04326923076923077 0.06971153846153846
2 0.8930288461538461 0.3762019230769231 0.040865384615384616 0.07211538461538461
2 0.9507211538461539 0.5637019230769231 0.040865384615384616 0.07451923076923077