0 0.13221153846153846 0.859375 0.036057692307692304 0.06009615384615385
1 0.31009615384615385 0.8581730769230769 0.03365384615384615 0.06009615384615385
1 0.4951923076923077 0.8485576923076923 0.040865384615384616 0.06490384615384616
0 0.6634615384615384 0.8641826923076923 0.03365384615384615 0.057692307692307696
1 0.8497596153846154 0.8677884615384616 0.03125 0.06490384615384616
1 0.11177884615384616 0.6081730769230769 0.026442307692307692 0.06490384615384616
0 0.27884615384615385 0.6310096153846154 0.036057692307692304 0.06971153846153846
1 0.4579326923076923 0.6310096153846154 0.03125 0.06009615384615385
1 0.6286057692307693 0.6454326923076923 0.036057692307692304 0.055288461538461536
0 0.8028846153846154 0.6502403846153846 0.03125 0.057692307692307696
0 0.9663461538461539 0.6418269230769231 0.03125 0.06009615384615385
0 0.9122596153846154 0.4795673076923077 0.03365384615384615 0.06490384615384616
1 0.7644230769230769 0.47475961538461536 0.03365384615384615 0.052884615384615384
0 0.6153846153846154 0.47115384615384615 0.028846153846153848 0.052884615384615384
1 0.4567307692307692 0.4567307692307692 0.038461538461538464 0.0673076923076923
1 0.28846153846153844 0.44471153846153844 0.028846153846153848 0.057692307692307696
0 0.11298076923076923 0.45072115384615385 0.03365384615384615 0.07932692307692307
1 0.8822115384615384 0.34375 0.036057692307692304 0.0625
0 0.7115384615384616 0.31850961538461536 0.03365384615384615 0.07211538461538461
1 0.5576923076923077 0.32091346153846156 0.028846153846153848 0.0673076923076923
0 0.4110576923076923 0.3088942307692308 0.028846153846153848 0.0625
0 0.2704326923076923 0.32211538461538464 0.03365384615384615 0.0625
0 0.09375 0.2920673076923077 0.03125 0.07692307692307693
1 0.8509615384615384 0.18389423076923078 0.03125 0.06490384615384616
1 0.7055288461538461 0.171875 0.028846153846153848 0.052884615384615384
1 0.5588942307692307 0.18028846153846154 0.028846153846153848 0.052884615384615384
0 0.4014423076923077 0.17427884615384615 0.03365384615384615 0.05048076923076923
0 0.24639423076923078 0.1814903846153846 0.028846153846153848 0.07932692307692307
1 0.10336538461538461 0.16947115384615385 0.03365384615384615 0.055288461538461536
1 0.9627403846153846 0.040865384615384616 0.03125 0.05048076923076923
0 0.8221153846153846 0.039663461538461536 0.036057692307692304 0.06490384615384616
1 0.6778846153846154 0.037259615384615384 0.03125 0.06009615384615385
1 0.5348557692307693 0.037259615384615384 0.03365384615384615 0.06009615384615385
1 0.3894230769230769 0.042067307692307696 0.028846153846153848 0.0625
1 0.23677884615384615 0.036057692307692304 0.026442307692307692 0.057692307692307696
1 0.08774038461538461 0.030048076923076924 0.026442307692307692 0.06009615384615385