1 0.16466346153846154 0.6081730769230769 0.0985576923076923 0.17548076923076922
1 0.3401442307692308 0.5012019230769231 0.0625 0.15625
1 0.5697115384615384 0.39783653846153844 0.0625 0.13701923076923078
1 0.41947115384615385 0.296875 0.05048076923076923 0.13221153846153846
1 0.23677884615384615 0.1346153846153846 0.036057692307692304 0.10817307692307693
1 0.2644230769230769 0.0889423076923077 0.036057692307692304 0.08413461538461539
1 0.40024038461538464 0.02403846153846154 0.02403846153846154 0.04807692307692308
1 0.4567307692307692 0.057692307692307696 0.02403846153846154 0.052884615384615384
1 0.5444711538461539 0.23317307692307693 0.05048076923076923 0.11778846153846154
1 0.6550480769230769 0.2283653846153846 0.055288461538461536 0.13221153846153846
2 0.75 0.125 0.036057692307692304 0.06490384615384616
1 0.5552884615384616 0.0673076923076923 0.028846153846153848 0.07932692307692307
1 0.6610576923076923 0.09975961538461539 0.038461538461538464 0.08173076923076923
1 0.8137019230769231 0.1466346153846154 0.028846153846153848 0.0985576923076923
1 0.8521634615384616 0.042067307692307696 0.03125 0.07211538461538461
1 0.7439903846153846 0.036057692307692304 0.028846153846153848 0.04567307692307692
1 0.7896634615384616 0.03485576923076923 0.026442307692307692 0.0625
2 0.703125 0.12740384615384615 0.028846153846153848 0.0625
1 0.9038461538461539 0.06370192307692307 0.04567307692307692 0.057692307692307696