2 0.19230769230769232 0.328125 0.055288461538461536 0.10096153846153846
2 0.2860576923076923 0.2920673076923077 0.0673076923076923 0.12259615384615384
2 0.3173076923076923 0.4675480769230769 0.06490384615384616 0.1201923076923077
2 0.3762019230769231 0.5420673076923077 0.07932692307692307 0.11538461538461539
2 0.43028846153846156 0.3245192307692308 0.0625 0.11298076923076923
2 0.6334134615384616 0.3449519230769231 0.07211538461538461 0.11057692307692307
2 0.6802884615384616 0.4987980769230769 0.06971153846153846 0.14903846153846154
2 0.6165865384615384 0.7536057692307693 0.07451923076923077 0.15384615384615385
2 0.5625 0.5865384615384616 0.0889423076923077 0.12259615384615384
2 0.5036057692307693 0.5612980769230769 0.04567307692307692 0.11057692307692307
2 0.4411057692307692 0.5805288461538461 0.0625 0.11057692307692307
2 0.49399038461538464 0.7848557692307693 0.036057692307692304 0.10336538461538461