1 0.09014423076923077 0.6754807692307693 0.12259615384615384 0.37259615384615385
1 0.49399038461538464 0.4014423076923077 0.06971153846153846 0.1346153846153846
1 0.7728365384615384 0.46033653846153844 0.0673076923076923 0.12259615384615384
1 0.9302884615384616 0.3233173076923077 0.052884615384615384 0.1201923076923077
1 0.8221153846153846 0.18870192307692307 0.04807692307692308 0.09615384615384616
1 0.6790865384615384 0.12379807692307693 0.06971153846153846 0.1201923076923077
2 0.5877403846153846 0.19831730769230768 0.04807692307692308 0.09615384615384616
2 0.5480769230769231 0.24519230769230768 0.06971153846153846 0.10576923076923077
1 0.3485576923076923 0.16826923076923078 0.055288461538461536 0.13942307692307693
1 0.25841346153846156 0.15264423076923078 0.06971153846153846 0.10336538461538461
1 0.32091346153846156 0.05048076923076923 0.04326923076923077 0.0889423076923077
2 0.41947115384615385 0.055288461538461536 0.057692307692307696 0.09375
2 0.5336538461538461 0.0733173076923077 0.04326923076923077 0.125