1 0.24639423076923078 0.9399038461538461 0.036057692307692304 0.06490384615384616
1 0.4110576923076923 0.9302884615384616 0.038461538461538464 0.06490384615384616
1 0.546875 0.8641826923076923 0.04326923076923077 0.06490384615384616
1 0.6442307692307693 0.8161057692307693 0.036057692307692304 0.06971153846153846
1 0.7548076923076923 0.9050480769230769 0.04567307692307692 0.06971153846153846
1 0.9014423076923077 0.9663461538461539 0.038461538461538464 0.0625
1 0.9074519230769231 0.7944711538461539 0.03365384615384615 0.06490384615384616
1 0.9387019230769231 0.7728365384615384 0.03365384615384615 0.06009615384615385
1 0.9423076923076923 0.6033653846153846 0.03365384615384615 0.06971153846153846
1 0.6983173076923077 0.5516826923076923 0.028846153846153848 0.06009615384615385
1 0.59375 0.5168269230769231 0.026442307692307692 0.05048076923076923
1 0.4723557692307692 0.5817307692307693 0.03365384615384615 0.052884615384615384
1 0.4074519230769231 0.7043269230769231 0.03125 0.06009615384615385
1 0.38221153846153844 0.6935096153846154 0.026442307692307692 0.0673076923076923
1 0.2644230769230769 0.6057692307692307 0.028846153846153848 0.06009615384615385
2 0.16346153846153846 0.6298076923076923 0.028846153846153848 0.038461538461538464
2 0.11298076923076923 0.5697115384615384 0.028846153846153848 0.04807692307692308
1 0.078125 0.6971153846153846 0.04326923076923077 0.057692307692307696
1 0.014423076923076924 0.4723557692307692 0.028846153846153848 0.06490384615384616
1 0.0733173076923077 0.46153846153846156 0.026442307692307692 0.055288461538461536
1 0.12860576923076922 0.4675480769230769 0.03125 0.052884615384615384
1 0.25721153846153844 0.39302884615384615 0.028846153846153848 0.052884615384615384
2 0.29086538461538464 0.4483173076923077 0.028846153846153848 0.038461538461538464
1 0.3641826923076923 0.4579326923076923 0.026442307692307692 0.055288461538461536
1 0.43149038461538464 0.42788461538461536 0.026442307692307692 0.052884615384615384
1 0.45552884615384615 0.5360576923076923 0.028846153846153848 0.06009615384615385
1 0.4951923076923077 0.4483173076923077 0.028846153846153848 0.05048076923076923
1 0.6045673076923077 0.38822115384615385 0.036057692307692304 0.052884615384615384
1 0.6682692307692307 0.38221153846153844 0.021634615384615384 0.04326923076923077
1 0.6935096153846154 0.41947115384615385 0.026442307692307692 0.04807692307692308
1 0.7199519230769231 0.4579326923076923 0.02403846153846154 0.052884615384615384
1 0.7307692307692307 0.4014423076923077 0.02403846153846154 0.05048076923076923
1 0.8798076923076923 0.36899038461538464 0.026442307692307692 0.04567307692307692
1 0.9086538461538461 0.4266826923076923 0.03365384615384615 0.052884615384615384
1 0.8954326923076923 0.47115384615384615 0.028846153846153848 0.04807692307692308
1 0.9483173076923077 0.5336538461538461 0.03365384615384615 0.04807692307692308
1 0.4831730769230769 0.3581730769230769 0.03125 0.052884615384615384
1 0.4567307692307692 0.3245192307692308 0.02403846153846154 0.04567307692307692
1 0.5372596153846154 0.3713942307692308 0.02403846153846154 0.04326923076923077
1 0.5564903846153846 0.34134615384615385 0.021634615384615384 0.040865384615384616
1 0.5600961538461539 0.29086538461538464 0.019230769230769232 0.03365384615384615
1 0.6334134615384616 0.296875 0.016826923076923076 0.038461538461538464
1 0.7752403846153846 0.23798076923076922 0.019230769230769232 0.04567307692307692
1 0.8149038461538461 0.30649038461538464 0.02403846153846154 0.038461538461538464
1 0.8497596153846154 0.2776442307692308 0.016826923076923076 0.040865384615384616
1 0.8725961538461539 0.32211538461538464 0.028846153846153848 0.04567307692307692
1 0.9206730769230769 0.3161057692307692 0.038461538461538464 0.040865384615384616
1 0.8545673076923077 0.21995192307692307 0.019230769230769232 0.038461538461538464
1 0.8257211538461539 0.1658653846153846 0.016826923076923076 0.028846153846153848
1 0.625 0.18990384615384615 0.019230769230769232 0.040865384615384616
1 0.5060096153846154 0.23317307692307693 0.02403846153846154 0.040865384615384616
1 0.39783653846153844 0.19951923076923078 0.016826923076923076 0.026442307692307692
1 0.36778846153846156 0.28846153846153844 0.028846153846153848 0.04567307692307692
2 0.3449519230769231 0.23798076923076922 0.026442307692307692 0.04326923076923077
2 0.13942307692307693 0.28725961538461536 0.021634615384615384 0.040865384615384616
1 0.1346153846153846 0.3701923076923077 0.03365384615384615 0.04567307692307692
1 0.17067307692307693 0.3713942307692308 0.026442307692307692 0.04326923076923077
1 0.2247596153846154 0.2764423076923077 0.019230769230769232 0.038461538461538464
2 0.2091346153846154 0.24639423076923078 0.016826923076923076 0.036057692307692304
1 0.0889423076923077 0.19471153846153846 0.021634615384615384 0.04326923076923077
1 0.26322115384615385 0.14423076923076922 0.019230769230769232 0.03365384615384615
1 0.24278846153846154 0.234375 0.021634615384615384 0.038461538461538464
1 0.32211538461538464 0.20432692307692307 0.02403846153846154 0.03365384615384615
2 0.3004807692307692 0.265625 0.021634615384615384 0.04326923076923077
2 0.2644230769230769 0.2860576923076923 0.026442307692307692 0.038461538461538464
1 0.29447115384615385 0.11538461538461539 0.02403846153846154 0.036057692307692304
1 0.31490384615384615 0.0889423076923077 0.016826923076923076 0.03125
1 0.35216346153846156 0.055288461538461536 0.019230769230769232 0.03365384615384615
1 0.390625 0.06490384615384616 0.016826923076923076 0.026442307692307692
2 0.4014423076923077 0.11298076923076923 0.019230769230769232 0.028846153846153848
1 0.42908653846153844 0.10216346153846154 0.019230769230769232 0.03365384615384615
1 0.4182692307692308 0.055288461538461536 0.01201923076923077 0.026442307692307692
1 0.3581730769230769 0.016826923076923076 0.019230769230769232 0.021634615384615384
1 0.12620192307692307 0.04326923076923077 0.019230769230769232 0.040865384615384616
1 0.4735576923076923 0.06490384615384616 0.016826923076923076 0.02403846153846154
1 0.49759615384615385 0.13581730769230768 0.019230769230769232 0.03365384615384615
1 0.5372596153846154 0.10216346153846154 0.019230769230769232 0.036057692307692304
1 0.4519230769230769 0.016826923076923076 0.016826923076923076 0.028846153846153848
1 0.5721153846153846 0.06129807692307692 0.02403846153846154 0.038461538461538464
1 0.5444711538461539 0.030048076923076924 0.014423076923076924 0.028846153846153848
1 0.5072115384615384 0.07692307692307693 0.021634615384615384 0.028846153846153848
1 0.6658653846153846 0.0673076923076923 0.019230769230769232 0.028846153846153848
1 0.703125 0.0889423076923077 0.01201923076923077 0.026442307692307692
2 0.6742788461538461 0.1346153846153846 0.014423076923076924 0.021634615384615384
2 0.7355769230769231 0.14182692307692307 0.019230769230769232 0.03365384615384615
1 0.7103365384615384 0.20192307692307693 0.021634615384615384 0.038461538461538464
1 0.8689903846153846 0.16466346153846154 0.016826923076923076 0.036057692307692304
1 0.9519230769230769 0.1814903846153846 0.03125 0.03125
1 0.9771634615384616 0.0985576923076923 0.021634615384615384 0.04807692307692308
1 0.8942307692307693 0.06971153846153846 0.019230769230769232 0.028846153846153848
1 0.8689903846153846 0.038461538461538464 0.01201923076923077 0.021634615384615384
1 0.8185096153846154 0.06850961538461539 0.014423076923076924 0.03365384615384615
2 0.8365384615384616 0.09134615384615384 0.014423076923076924 0.03125
1 0.7307692307692307 0.10336538461538461 0.02403846153846154 0.036057692307692304
1 0.6382211538461539 0.08653846153846154 0.021634615384615384 0.03365384615384615
2 0.6442307692307693 0.16105769230769232 0.021634615384615384 0.036057692307692304
1 0.6298076923076923 0.01201923076923077 0.019230769230769232 0.02403846153846154
1 0.7668269230769231 0.01201923076923077 0.019230769230769232 0.021634615384615384
2 0.9579326923076923 0.026442307692307692 0.021634615384615384 0.026442307692307692
2 0.9927884615384616 0.06971153846153846 0.01201923076923077 0.02403846153846154
1 0.90625 0.2704326923076923 0.019230769230769232 0.03125
1 0.9927884615384616 0.4855769230769231 0.01201923076923077 0.052884615384615384
1 0.29086538461538464 0.5576923076923077 0.026442307692307692 0.052884615384615384
1 0.4567307692307692 0.7836538461538461 0.02403846153846154 0.06009615384615385
1 0.3762019230769231 0.6177884615384616 0.026442307692307692 0.052884615384615384