2 0.15264423076923078 0.6790865384615384 0.11298076923076923 0.14182692307692307
2 0.59375 0.8846153846153846 0.09134615384615384 0.18509615384615385
2 0.40024038461538464 0.6442307692307693 0.0889423076923077 0.1466346153846154
2 0.2848557692307692 0.6658653846153846 0.0889423076923077 0.16346153846153846
2 0.6177884615384616 0.3858173076923077 0.07932692307692307 0.15144230769230768
2 0.038461538461538464 0.32572115384615385 0.0625 0.125
2 0.39663461538461536 0.45072115384615385 0.0673076923076923 0.0889423076923077
2 0.22596153846153846 0.45072115384615385 0.06009615384615385 0.10817307692307693
2 0.7271634615384616 0.31850961538461536 0.06971153846153846 0.10576923076923077
2 0.3329326923076923 0.22235576923076922 0.052884615384615384 0.08413461538461539
2 0.14903846153846154 0.2127403846153846 0.07451923076923077 0.13221153846153846
2 0.7788461538461539 0.6454326923076923 0.08173076923076923 0.16826923076923078