2 0.171875 0.28966346153846156 0.036057692307692304 0.06009615384615385
2 0.25600961538461536 0.23918269230769232 0.026442307692307692 0.06009615384615385
2 0.3088942307692308 0.2548076923076923 0.028846153846153848 0.05048076923076923
2 0.3918269230769231 0.24519230769230768 0.040865384615384616 0.055288461538461536
2 0.4795673076923077 0.2620192307692308 0.026442307692307692 0.04807692307692308
2 0.5444711538461539 0.27283653846153844 0.03125 0.04807692307692308
2 0.6129807692307693 0.22596153846153846 0.028846153846153848 0.052884615384615384
2 0.6875 0.23677884615384615 0.038461538461538464 0.06009615384615385
2 0.7463942307692307 0.2548076923076923 0.038461538461538464 0.06009615384615385
2 0.8076923076923077 0.23918269230769232 0.036057692307692304 0.057692307692307696
2 0.8413461538461539 0.49278846153846156 0.03365384615384615 0.06009615384615385
2 0.7451923076923077 0.47716346153846156 0.040865384615384616 0.06009615384615385
2 0.6538461538461539 0.4795673076923077 0.04807692307692308 0.0625
2 0.5456730769230769 0.48677884615384615 0.040865384615384616 0.06009615384615385
2 0.4543269230769231 0.42427884615384615 0.040865384615384616 0.06490384615384616
2 0.3605769230769231 0.47115384615384615 0.036057692307692304 0.06490384615384616
2 0.2644230769230769 0.4543269230769231 0.03365384615384615 0.06971153846153846
2 0.9206730769230769 0.4026442307692308 0.009615384615384616 0.02403846153846154
2 0.030048076923076924 0.4110576923076923 0.014423076923076924 0.02403846153846154