2 0.12379807692307693 0.7427884615384616 0.08173076923076923 0.2091346153846154
2 0.3629807692307692 0.8221153846153846 0.07451923076923077 0.1971153846153846
2 0.08052884615384616 0.5661057692307693 0.08413461538461539 0.19471153846153846
2 0.16466346153846154 0.4266826923076923 0.07692307692307693 0.19951923076923078
2 0.2536057692307692 0.24278846153846154 0.06971153846153846 0.21394230769230768
2 0.29086538461538464 0.4543269230769231 0.06971153846153846 0.18990384615384615
2 0.42788461538461536 0.5432692307692307 0.07211538461538461 0.18509615384615385
2 0.41346153846153844 0.3449519230769231 0.06490384615384616 0.1875
2 0.53125 0.2091346153846154 0.06971153846153846 0.17307692307692307
2 0.5709134615384616 0.5360576923076923 0.07451923076923077 0.1971153846153846
2 0.7043269230769231 0.5048076923076923 0.08653846153846154 0.17307692307692307
2 0.8293269230769231 0.5264423076923077 0.07451923076923077 0.20432692307692307
2 0.7776442307692307 0.21634615384615385 0.07451923076923077 0.18990384615384615
2 0.6153846153846154 0.328125 0.07932692307692307 0.18269230769230768
2 0.8786057692307693 0.32091346153846156 0.06971153846153846 0.1971153846153846
2 0.9639423076923077 0.3798076923076923 0.06490384615384616 0.22596153846153846