1 0.21754807692307693 0.25841346153846156 0.0985576923076923 0.18028846153846154
1 0.8112980769230769 0.34134615384615385 0.0889423076923077 0.20673076923076922
1 0.06009615384615385 0.43509615384615385 0.08653846153846154 0.25
1 0.453125 0.44591346153846156 0.09375 0.20432692307692307
1 0.671875 0.47596153846153844 0.10336538461538461 0.21153846153846154
1 0.21995192307692307 0.4855769230769231 0.08413461538461539 0.2403846153846154
1 0.3329326923076923 0.6802884615384616 0.11298076923076923 0.2932692307692308
1 0.4891826923076923 0.6899038461538461 0.0889423076923077 0.23076923076923078
1 0.7439903846153846 0.6959134615384616 0.08413461538461539 0.23317307692307693
1 0.9050480769230769 0.6983173076923077 0.0889423076923077 0.23317307692307693
1 0.13822115384615385 0.7175480769230769 0.0889423076923077 0.2283653846153846
1 0.25721153846153844 0.11778846153846154 0.09615384615384616 0.15865384615384615
1 0.4230769230769231 0.21634615384615385 0.1201923076923077 0.24519230769230768