1 0.3545673076923077 0.7632211538461539 0.036057692307692304 0.08653846153846154
1 0.49038461538461536 0.6502403846153846 0.036057692307692304 0.07932692307692307
1 0.4110576923076923 0.6682692307692307 0.03125 0.08413461538461539
1 0.2091346153846154 0.6634615384615384 0.036057692307692304 0.07451923076923077
1 0.2620192307692308 0.7115384615384616 0.04326923076923077 0.08653846153846154
1 0.018028846153846152 0.6466346153846154 0.02403846153846154 0.055288461538461536
1 0.09975961538461539 0.5973557692307693 0.02403846153846154 0.055288461538461536
1 0.6682692307692307 0.703125 0.036057692307692304 0.07211538461538461
1 0.8954326923076923 0.578125 0.02403846153846154 0.09375
1 0.7632211538461539 0.6153846153846154 0.02403846153846154 0.06971153846153846
1 0.7776442307692307 0.6935096153846154 0.021634615384615384 0.057692307692307696
1 0.59375 0.6790865384615384 0.02403846153846154 0.04807692307692308
0 0.15144230769230768 0.6262019230769231 0.026442307692307692 0.06009615384615385