2 0.2127403846153846 0.6322115384615384 0.057692307692307696 0.055288461538461536
2 0.4483173076923077 0.6225961538461539 0.038461538461538464 0.038461538461538464
2 0.5360576923076923 0.6514423076923077 0.036057692307692304 0.040865384615384616
2 0.7175480769230769 0.6274038461538461 0.05048076923076923 0.04807692307692308
2 0.7379807692307693 0.5721153846153846 0.026442307692307692 0.038461538461538464
2 0.7776442307692307 0.6117788461538461 0.03365384615384615 0.028846153846153848
2 0.06129807692307692 0.6322115384615384 0.038461538461538464 0.028846153846153848
2 0.1310096153846154 0.609375 0.026442307692307692 0.02403846153846154
2 0.2692307692307692 0.6033653846153846 0.038461538461538464 0.036057692307692304
2 0.34375 0.6322115384615384 0.03365384615384615 0.03125
2 0.3269230769230769 0.609375 0.026442307692307692 0.03125
2 0.5120192307692307 0.6057692307692307 0.02403846153846154 0.028846153846153848
2 0.5925480769230769 0.6117788461538461 0.03365384615384615 0.03125
2 0.5528846153846154 0.6069711538461539 0.03365384615384615 0.03365384615384615
0 0.9579326923076923 0.6213942307692307 0.04567307692307692 0.038461538461538464