1 0.8569711538461539 0.43990384615384615 0.06490384615384616 0.125
2 0.9110576923076923 0.2956730769230769 0.052884615384615384 0.10336538461538461
0 0.6490384615384616 0.2860576923076923 0.052884615384615384 0.10817307692307693
1 0.29447115384615385 0.3473557692307692 0.04326923076923077 0.10096153846153846
1 0.7632211538461539 0.7836538461538461 0.11538461538461539 0.1346153846153846
0 0.3557692307692308 0.7391826923076923 0.09134615384615384 0.15625
1 0.3737980769230769 0.30408653846153844 0.04326923076923077 0.06971153846153846
1 0.7355769230769231 0.23557692307692307 0.038461538461538464 0.08653846153846154
1 0.7704326923076923 0.18629807692307693 0.026442307692307692 0.04807692307692308
1 0.4098557692307692 0.2548076923076923 0.026442307692307692 0.0625
1 0.8966346153846154 0.109375 0.019230769230769232 0.03365384615384615
1 0.9567307692307693 0.11658653846153846 0.016826923076923076 0.03125
1 0.8473557692307693 0.09975961538461539 0.01201923076923077 0.02403846153846154
1 0.7403846153846154 0.13701923076923078 0.019230769230769232 0.03365384615384615
1 0.47596153846153844 0.18629807692307693 0.021634615384615384 0.036057692307692304
1 0.5612980769230769 0.21514423076923078 0.02403846153846154 0.026442307692307692
1 0.5961538461538461 0.140625 0.019230769230769232 0.03365384615384615
1 0.5132211538461539 0.12860576923076922 0.016826923076923076 0.03365384615384615
1 0.5733173076923077 0.125 0.01201923076923077 0.021634615384615384