1 0.1875 0.578125 0.06009615384615385 0.09134615384615384
1 0.38822115384615385 0.4170673076923077 0.07451923076923077 0.11057692307692307
1 0.8401442307692307 0.23798076923076922 0.04807692307692308 0.1346153846153846
2 0.328125 0.15745192307692307 0.028846153846153848 0.08653846153846154
2 0.7055288461538461 0.19471153846153846 0.038461538461538464 0.11538461538461539
2 0.6069711538461539 0.36538461538461536 0.04326923076923077 0.1201923076923077
2 0.953125 0.10216346153846154 0.03365384615384615 0.10096153846153846
2 0.6189903846153846 0.09134615384615384 0.04326923076923077 0.09134615384615384
2 0.5120192307692307 0.14302884615384615 0.03365384615384615 0.08413461538461539
2 0.23677884615384615 0.37740384615384615 0.03125 0.09134615384615384
2 0.5961538461538461 0.1346153846153846 0.028846153846153848 0.0889423076923077