2 0.08413461538461539 0.5276442307692307 0.036057692307692304 0.06971153846153846
2 0.0673076923076923 0.5973557692307693 0.03365384615384615 0.06009615384615385
2 0.10697115384615384 0.6766826923076923 0.026442307692307692 0.052884615384615384
2 0.10096153846153846 0.7560096153846154 0.03365384615384615 0.06971153846153846
2 0.040865384615384616 0.8185096153846154 0.03365384615384615 0.0625
2 0.14423076923076922 0.8269230769230769 0.03125 0.055288461538461536
2 0.08413461538461539 0.9194711538461539 0.038461538461538464 0.07211538461538461
2 0.03365384615384615 0.9098557692307693 0.028846153846153848 0.052884615384615384
2 0.18269230769230768 0.9146634615384616 0.03365384615384615 0.09375
2 0.19471153846153846 0.8389423076923077 0.038461538461538464 0.06971153846153846
2 0.17908653846153846 0.6923076923076923 0.04567307692307692 0.06490384615384616
2 0.20192307692307693 0.5396634615384616 0.03365384615384615 0.052884615384615384
2 0.13221153846153846 0.4699519230769231 0.03365384615384615 0.07932692307692307
2 0.1346153846153846 0.39302884615384615 0.03125 0.04567307692307692
2 0.21033653846153846 0.4579326923076923 0.028846153846153848 0.07692307692307693
2 0.2536057692307692 0.6081730769230769 0.021634615384615384 0.07451923076923077
2 0.28725961538461536 0.6911057692307693 0.038461538461538464 0.057692307692307696
2 0.28966346153846156 0.5504807692307693 0.028846153846153848 0.06009615384615385
2 0.35096153846153844 0.5288461538461539 0.03365384615384615 0.07211538461538461
2 0.36778846153846156 0.6165865384615384 0.03365384615384615 0.07451923076923077
2 0.33052884615384615 0.7932692307692307 0.028846153846153848 0.055288461538461536
2 0.24759615384615385 0.8882211538461539 0.026442307692307692 0.06971153846153846
2 0.3088942307692308 0.9699519230769231 0.028846153846153848 0.055288461538461536
2 0.24759615384615385 0.9855769230769231 0.036057692307692304 0.02403846153846154
2 0.3449519230769231 0.8810096153846154 0.02403846153846154 0.06009615384615385
2 0.019230769230769232 0.96875 0.03125 0.057692307692307696
2 0.01201923076923077 0.49278846153846156 0.02403846153846154 0.057692307692307696
2 0.009615384615384616 0.375 0.019230769230769232 0.10096153846153846
1 0.040865384615384616 0.30408653846153844 0.02403846153846154 0.07211538461538461
1 0.2668269230769231 0.3329326923076923 0.038461538461538464 0.07211538461538461
1 0.17307692307692307 0.33052884615384615 0.038461538461538464 0.0673076923076923
1 0.6514423076923077 0.31850961538461536 0.038461538461538464 0.08173076923076923
1 0.5288461538461539 0.33653846153846156 0.03365384615384615 0.06490384615384616
1 0.7824519230769231 0.3233173076923077 0.03365384615384615 0.07692307692307693
2 0.33052884615384615 0.23076923076923078 0.036057692307692304 0.07692307692307693
2 0.12379807692307693 0.2608173076923077 0.038461538461538464 0.07451923076923077
2 0.11177884615384616 0.15865384615384615 0.026442307692307692 0.04567307692307692
2 0.1346153846153846 0.08653846153846154 0.03365384615384615 0.06971153846153846
2 0.21634615384615385 0.2439903846153846 0.04567307692307692 0.06971153846153846
2 0.20192307692307693 0.16706730769230768 0.03125 0.0673076923076923
2 0.4230769230769231 0.27884615384615385 0.028846153846153848 0.0673076923076923
2 0.4483173076923077 0.22716346153846154 0.02403846153846154 0.05048076923076923
2 0.40024038461538464 0.0985576923076923 0.03125 0.06009615384615385
2 0.27524038461538464 0.09975961538461539 0.026442307692307692 0.06971153846153846
2 0.625 0.45552884615384615 0.03365384615384615 0.07692307692307693
2 0.5745192307692307 0.3894230769230769 0.028846153846153848 0.07211538461538461
2 0.4206730769230769 0.4891826923076923 0.036057692307692304 0.06009615384615385
2 0.328125 0.45552884615384615 0.03365384615384615 0.0625
2 0.4519230769230769 0.6021634615384616 0.03365384615384615 0.06009615384615385
2 0.4567307692307692 0.6862980769230769 0.036057692307692304 0.06971153846153846
2 0.4170673076923077 0.7632211538461539 0.03365384615384615 0.055288461538461536
2 0.42788461538461536 0.8317307692307693 0.03365384615384615 0.07932692307692307
2 0.45552884615384615 0.9387019230769231 0.03365384615384615 0.04807692307692308
2 0.7548076923076923 0.7463942307692307 0.026442307692307692 0.055288461538461536
2 0.6442307692307693 0.6129807692307693 0.028846153846153848 0.06490384615384616
2 0.6875 0.5769230769230769 0.028846153846153848 0.06971153846153846
2 0.6971153846153846 0.4182692307692308 0.038461538461538464 0.06009615384615385
2 0.8257211538461539 0.3942307692307692 0.03365384615384615 0.057692307692307696
2 0.8209134615384616 0.5504807692307693 0.028846153846153848 0.07451923076923077
2 0.9387019230769231 0.5637019230769231 0.04326923076923077 0.08173076923076923
2 0.7776442307692307 0.5324519230769231 0.038461538461538464 0.055288461538461536
2 0.9002403846153846 0.48677884615384615 0.02403846153846154 0.06971153846153846
2 0.7740384615384616 0.6574519230769231 0.03365384615384615 0.06009615384615385
2 0.8641826923076923 0.7548076923076923 0.03125 0.04807692307692308
2 0.8305288461538461 0.8377403846153846 0.04326923076923077 0.0985576923076923
2 0.9411057692307693 0.6706730769230769 0.038461538461538464 0.06490384615384616
2 0.9807692307692307 0.7451923076923077 0.03365384615384615 0.057692307692307696
2 0.9266826923076923 0.8305288461538461 0.036057692307692304 0.0673076923076923
2 0.8810096153846154 0.90625 0.040865384615384616 0.06009615384615385
2 0.7548076923076923 0.8966346153846154 0.028846153846153848 0.07451923076923077
2 0.9423076923076923 0.9579326923076923 0.03365384615384615 0.08173076923076923
2 0.9867788461538461 0.9423076923076923 0.02403846153846154 0.07932692307692307
2 0.7692307692307693 0.9747596153846154 0.055288461538461536 0.04326923076923077
2 0.016826923076923076 0.7548076923076923 0.03125 0.07211538461538461