2 0.5144230769230769 0.8533653846153846 0.14182692307692307 0.17307692307692307
2 0.0733173076923077 0.9338942307692307 0.13942307692307693 0.125
2 0.9134615384615384 0.8052884615384616 0.09134615384615384 0.14182692307692307
2 0.03485576923076923 0.6586538461538461 0.06971153846153846 0.13221153846153846
2 0.2956730769230769 0.6610576923076923 0.05048076923076923 0.06490384615384616
2 0.38341346153846156 0.8064903846153846 0.0889423076923077 0.15384615384615385
2 0.23197115384615385 0.48197115384615385 0.04567307692307692 0.06490384615384616
2 0.4735576923076923 0.5 0.03365384615384615 0.052884615384615384
2 0.515625 0.5444711538461539 0.038461538461538464 0.052884615384615384
2 0.5985576923076923 0.5252403846153846 0.055288461538461536 0.06971153846153846
2 0.7632211538461539 0.4831730769230769 0.036057692307692304 0.057692307692307696
2 0.8497596153846154 0.47115384615384615 0.04326923076923077 0.0625
2 0.265625 0.4375 0.03125 0.05048076923076923
2 0.30649038461538464 0.4735576923076923 0.036057692307692304 0.052884615384615384
2 0.3894230769230769 0.4110576923076923 0.028846153846153848 0.038461538461538464
2 0.46875 0.43149038461538464 0.03125 0.036057692307692304
2 0.7115384615384616 0.4254807692307692 0.03125 0.057692307692307696
2 0.7367788461538461 0.35096153846153844 0.03365384615384615 0.05048076923076923
2 0.6045673076923077 0.38461538461538464 0.03125 0.05048076923076923
2 0.4411057692307692 0.35336538461538464 0.02403846153846154 0.03365384615384615
2 0.49399038461538464 0.3786057692307692 0.02403846153846154 0.036057692307692304
2 0.5444711538461539 0.3858173076923077 0.03125 0.036057692307692304
2 0.23197115384615385 0.3942307692307692 0.02403846153846154 0.038461538461538464
2 0.9507211538461539 0.33653846153846156 0.026442307692307692 0.04807692307692308
2 0.9362980769230769 0.43028846153846156 0.03365384615384615 0.06490384615384616
2 0.6682692307692307 0.3473557692307692 0.03365384615384615 0.04567307692307692
2 0.3125 0.35697115384615385 0.021634615384615384 0.03125
2 0.16346153846153846 0.39302884615384615 0.021634615384615384 0.028846153846153848
2 0.8064903846153846 0.3137019230769231 0.026442307692307692 0.038461538461538464
2 0.9038461538461539 0.34975961538461536 0.02403846153846154 0.05048076923076923
2 0.40024038461538464 0.5949519230769231 0.07451923076923077 0.08653846153846154