1 0.5324519230769231 0.6430288461538461 0.07932692307692307 0.13701923076923078
1 0.7175480769230769 0.46033653846153844 0.08413461538461539 0.1466346153846154
1 0.27884615384615385 0.6959134615384616 0.06971153846153846 0.12740384615384615
1 0.44471153846153844 0.4495192307692308 0.07692307692307693 0.0889423076923077
1 0.18870192307692307 0.18990384615384615 0.055288461538461536 0.08653846153846154
1 0.4074519230769231 0.22956730769230768 0.05048076923076923 0.10817307692307693
1 0.49278846153846156 0.16105769230769232 0.05048076923076923 0.0889423076923077
1 0.6862980769230769 0.18990384615384615 0.052884615384615384 0.08413461538461539
2 0.8966346153846154 0.15865384615384615 0.055288461538461536 0.10096153846153846
1 0.6262019230769231 0.07692307692307693 0.055288461538461536 0.08413461538461539
1 0.3473557692307692 0.07091346153846154 0.05048076923076923 0.07211538461538461
0 0.84375 0.056490384615384616 0.05048076923076923 0.09375