2 0.3954326923076923 0.4831730769230769 0.06490384615384616 0.0889423076923077
2 0.5997596153846154 0.3798076923076923 0.06971153846153846 0.07211538461538461
2 0.7319711538461539 0.43028846153846156 0.06009615384615385 0.052884615384615384
2 0.06370192307692307 0.45913461538461536 0.04567307692307692 0.0625
2 0.2548076923076923 0.39663461538461536 0.04807692307692308 0.04567307692307692
2 0.23197115384615385 0.3233173076923077 0.04807692307692308 0.038461538461538464
1 0.12620192307692307 0.4014423076923077 0.04567307692307692 0.04807692307692308
2 0.9110576923076923 0.5757211538461539 0.019230769230769232 0.026442307692307692
2 0.9483173076923077 0.5853365384615384 0.021634615384615384 0.028846153846153848
2 0.6526442307692307 0.53125 0.014423076923076924 0.021634615384615384
2 0.8052884615384616 0.6129807692307693 0.01201923076923077 0.021634615384615384
2 0.8701923076923077 0.6117788461538461 0.016826923076923076 0.02403846153846154
0 0.8305288461538461 0.609375 0.01201923076923077 0.03365384615384615