2 0.1971153846153846 0.5829326923076923 0.06971153846153846 0.1466346153846154
2 0.33653846153846156 0.53125 0.06971153846153846 0.17307692307692307
2 0.6189903846153846 0.6502403846153846 0.07692307692307693 0.18028846153846154
2 0.5444711538461539 0.2932692307692308 0.06971153846153846 0.1658653846153846
2 0.6971153846153846 0.15144230769230768 0.057692307692307696 0.12259615384615384
2 0.25721153846153844 0.2512019230769231 0.06490384615384616 0.15384615384615385
2 0.19110576923076922 0.4110576923076923 0.0625 0.12740384615384615
2 0.125 0.28846153846153844 0.06971153846153846 0.14903846153846154
2 0.6262019230769231 0.47596153846153844 0.0673076923076923 0.12259615384615384
2 0.9591346153846154 0.3473557692307692 0.05048076923076923 0.1201923076923077
1 0.4483173076923077 0.5480769230769231 0.0889423076923077 0.20432692307692307
1 0.8870192307692307 0.6298076923076923 0.07451923076923077 0.22355769230769232