2 0.12980769230769232 0.35336538461538464 0.03365384615384615 0.09375
2 0.22596153846153846 0.29927884615384615 0.03365384615384615 0.07692307692307693
2 0.30288461538461536 0.375 0.03365384615384615 0.08653846153846154
2 0.38461538461538464 0.31971153846153844 0.038461538461538464 0.08173076923076923
2 0.47596153846153844 0.3870192307692308 0.038461538461538464 0.06490384615384616
2 0.5504807692307693 0.3485576923076923 0.028846153846153848 0.0673076923076923
2 0.6153846153846154 0.3942307692307692 0.02403846153846154 0.0625
2 0.6838942307692307 0.3485576923076923 0.038461538461538464 0.0673076923076923
2 0.7824519230769231 0.4110576923076923 0.04326923076923077 0.0673076923076923
2 0.859375 0.4326923076923077 0.03365384615384615 0.06009615384615385
2 0.9242788461538461 0.4387019230769231 0.03365384615384615 0.0625