1 0.9447115384615384 0.1658653846153846 0.10817307692307693 0.24519230769230768
1 0.49759615384615385 0.40625 0.06009615384615385 0.1346153846153846
1 0.2439903846153846 0.45072115384615385 0.08653846153846154 0.17307692307692307
1 0.08653846153846154 0.5288461538461539 0.0985576923076923 0.20192307692307693
1 0.20552884615384615 0.8040865384615384 0.13701923076923078 0.21634615384615385
1 0.6598557692307693 0.39663461538461536 0.038461538461538464 0.08413461538461539
1 0.7596153846153846 0.36177884615384615 0.03365384615384615 0.06009615384615385
1 0.7247596153846154 0.390625 0.026442307692307692 0.052884615384615384
1 0.7019230769230769 0.3605769230769231 0.03365384615384615 0.06490384615384616
1 0.20432692307692307 0.33774038461538464 0.038461538461538464 0.06971153846153846
1 0.16947115384615385 0.34615384615384615 0.052884615384615384 0.08413461538461539
1 0.11899038461538461 0.23677884615384615 0.04567307692307692 0.08173076923076923