1 0.1778846153846154 0.14302884615384615 0.04567307692307692 0.08653846153846154
1 0.3125 0.2608173076923077 0.038461538461538464 0.06971153846153846
1 0.4483173076923077 0.23798076923076922 0.05048076923076923 0.08173076923076923
1 0.5685096153846154 0.2536057692307692 0.038461538461538464 0.10336538461538461
1 0.28966346153846156 0.3858173076923077 0.036057692307692304 0.09615384615384616
1 0.43509615384615385 0.4170673076923077 0.05048076923076923 0.07451923076923077
1 0.5901442307692307 0.44471153846153844 0.03365384615384615 0.08413461538461539
1 0.7067307692307693 0.4266826923076923 0.036057692307692304 0.08173076923076923
1 0.6754807692307693 0.25600961538461536 0.03365384615384615 0.057692307692307696
1 0.8365384615384616 0.3918269230769231 0.036057692307692304 0.08173076923076923
1 0.921875 0.42788461538461536 0.05048076923076923 0.07932692307692307