2 0.20673076923076922 0.5336538461538461 0.06490384615384616 0.15625
2 0.39663461538461536 0.5673076923076923 0.07692307692307693 0.13942307692307693
2 0.8641826923076923 0.453125 0.0625 0.12740384615384615
2 0.39302884615384615 0.0889423076923077 0.03365384615384615 0.0673076923076923
2 0.4951923076923077 0.03365384615384615 0.03125 0.052884615384615384
2 0.6105769230769231 0.07692307692307693 0.028846153846153848 0.07932692307692307
2 0.7079326923076923 0.1466346153846154 0.03125 0.0625
2 0.8088942307692307 0.06490384615384616 0.028846153846153848 0.0625
2 0.7379807692307693 0.04927884615384615 0.028846153846153848 0.07932692307692307
2 0.8557692307692307 0.07692307692307693 0.026442307692307692 0.0625
2 0.8942307692307693 0.056490384615384616 0.026442307692307692 0.06490384615384616
2 0.9675480769230769 0.026442307692307692 0.021634615384615384 0.04807692307692308