1 0.07932692307692307 0.21514423076923078 0.06009615384615385 0.11298076923076923
1 0.16826923076923078 0.27403846153846156 0.052884615384615384 0.0889423076923077
1 0.34975961538461536 0.25721153846153844 0.055288461538461536 0.1201923076923077
1 0.4519230769230769 0.4651442307692308 0.057692307692307696 0.10336538461538461
1 0.5661057692307693 0.22596153846153846 0.04807692307692308 0.09375
1 0.7139423076923077 0.3161057692307692 0.05048076923076923 0.0985576923076923
1 0.9447115384615384 0.20432692307692307 0.04567307692307692 0.09375
1 0.7596153846153846 0.203125 0.038461538461538464 0.0889423076923077
1 0.47596153846153844 0.2283653846153846 0.036057692307692304 0.06490384615384616
1 0.40625 0.22956730769230768 0.05048076923076923 0.08413461538461539
1 0.6129807692307693 0.2536057692307692 0.038461538461538464 0.0889423076923077
1 0.29447115384615385 0.16466346153846154 0.036057692307692304 0.08173076923076923
2 0.8052884615384616 0.21033653846153846 0.04326923076923077 0.08173076923076923
1 0.8810096153846154 0.17427884615384615 0.05048076923076923 0.10576923076923077
1 0.6514423076923077 0.26802884615384615 0.04326923076923077 0.13701923076923078
1 0.5204326923076923 0.20552884615384615 0.04326923076923077 0.09615384615384616