2 0.1814903846153846 0.44591346153846156 0.04567307692307692 0.08413461538461539
2 0.32091346153846156 0.6971153846153846 0.0673076923076923 0.06971153846153846
2 0.31971153846153844 0.8305288461538461 0.05048076923076923 0.11298076923076923
2 0.6117788461538461 0.6658653846153846 0.06490384615384616 0.08413461538461539
2 0.6923076923076923 0.5901442307692307 0.03125 0.06009615384615385
2 0.4230769230769231 0.5637019230769231 0.040865384615384616 0.06971153846153846
2 0.4110576923076923 0.35697115384615385 0.04567307692307692 0.06971153846153846
2 0.0985576923076923 0.3557692307692308 0.028846153846153848 0.04807692307692308
2 0.5084134615384616 0.2932692307692308 0.026442307692307692 0.040865384615384616
2 0.5697115384615384 0.31850961538461536 0.055288461538461536 0.055288461538461536
2 0.671875 0.3269230769230769 0.026442307692307692 0.052884615384615384
2 0.6766826923076923 0.421875 0.038461538461538464 0.04807692307692308
2 0.7944711538461539 0.36778846153846156 0.03365384615384615 0.040865384615384616
2 0.8858173076923077 0.37740384615384615 0.036057692307692304 0.055288461538461536
2 0.9711538461538461 0.47716346153846156 0.038461538461538464 0.07692307692307693
2 0.4543269230769231 0.2548076923076923 0.021634615384615384 0.03365384615384615
2 0.11899038461538461 0.22956730769230768 0.01201923076923077 0.021634615384615384
2 0.14423076923076922 0.23798076923076922 0.016826923076923076 0.016826923076923076
2 0.3641826923076923 0.265625 0.02403846153846154 0.03125
2 0.6358173076923077 0.2644230769230769 0.021634615384615384 0.036057692307692304
2 0.734375 0.2548076923076923 0.019230769230769232 0.040865384615384616
2 0.78125 0.28365384615384615 0.016826923076923076 0.028846153846153848
2 0.9290865384615384 0.3485576923076923 0.03365384615384615 0.04326923076923077
2 0.9567307692307693 0.29447115384615385 0.02403846153846154 0.04326923076923077
2 0.0625 0.21995192307692307 0.009615384615384616 0.02403846153846154