1 0.140625 0.19591346153846154 0.040865384615384616 0.08653846153846154
1 0.2764423076923077 0.2091346153846154 0.02403846153846154 0.0985576923076923
1 0.41346153846153844 0.19951923076923078 0.04326923076923077 0.06971153846153846
1 0.5997596153846154 0.13581730769230768 0.03365384615384615 0.08413461538461539
1 0.5 0.12980769230769232 0.026442307692307692 0.08653846153846154
1 0.45072115384615385 0.12259615384615384 0.03365384615384615 0.0673076923076923
1 0.8473557692307693 0.3870192307692308 0.04567307692307692 0.06971153846153846
2 0.9158653846153846 0.2824519230769231 0.028846153846153848 0.0889423076923077
1 0.8305288461538461 0.14423076923076922 0.028846153846153848 0.06971153846153846
1 0.7548076923076923 0.1778846153846154 0.036057692307692304 0.06009615384615385
1 0.6598557692307693 0.17067307692307693 0.03125 0.052884615384615384