2 0.22115384615384615 0.29086538461538464 0.11057692307692307 0.125
2 0.3737980769230769 0.5757211538461539 0.11538461538461539 0.12740384615384615
2 0.4831730769230769 0.5805288461538461 0.10096153846153846 0.10096153846153846
2 0.6165865384615384 0.5600961538461539 0.10336538461538461 0.125
2 0.4795673076923077 0.21995192307692307 0.08173076923076923 0.08653846153846154
2 0.6274038461538461 0.34134615384615385 0.08653846153846154 0.09375
2 0.6526442307692307 0.14543269230769232 0.07211538461538461 0.08653846153846154
2 0.5336538461538461 0.09735576923076923 0.08653846153846154 0.09134615384615384
2 0.3557692307692308 0.17908653846153846 0.08173076923076923 0.0889423076923077
2 0.7944711538461539 0.171875 0.09375 0.0985576923076923
2 0.9266826923076923 0.14783653846153846 0.09134615384615384 0.11778846153846154