1 0.054086538461538464 0.21033653846153846 0.055288461538461536 0.13942307692307693
1 0.10216346153846154 0.07572115384615384 0.04567307692307692 0.11057692307692307
1 0.2536057692307692 0.5060096153846154 0.03365384615384615 0.04326923076923077
1 0.421875 0.23076923076923078 0.038461538461538464 0.07211538461538461
1 0.49278846153846156 0.12740384615384615 0.02403846153846154 0.055288461538461536
1 0.5649038461538461 0.24158653846153846 0.03365384615384615 0.07692307692307693
1 0.6201923076923077 0.21995192307692307 0.028846153846153848 0.04807692307692308
1 0.7415865384615384 0.27283653846153844 0.03365384615384615 0.057692307692307696
1 0.78125 0.20192307692307693 0.02403846153846154 0.0625
1 0.8317307692307693 0.2608173076923077 0.03365384615384615 0.0673076923076923
1 0.9194711538461539 0.2824519230769231 0.03365384615384615 0.057692307692307696