2 0.5685096153846154 0.5516826923076923 0.08653846153846154 0.15625
2 0.7716346153846154 0.8293269230769231 0.08173076923076923 0.16826923076923078
2 0.765625 0.6274038461538461 0.057692307692307696 0.12259615384615384
2 0.828125 0.46033653846153844 0.040865384615384616 0.09134615384615384
2 0.16346153846153846 0.6274038461538461 0.057692307692307696 0.08413461538461539
2 0.24759615384615385 0.6514423076923077 0.052884615384615384 0.09615384615384616
2 0.07211538461538461 0.5036057692307693 0.05048076923076923 0.08653846153846154
2 0.22956730769230768 0.5276442307692307 0.038461538461538464 0.07692307692307693
2 0.2824519230769231 0.4495192307692308 0.04567307692307692 0.08173076923076923
2 0.3329326923076923 0.4411057692307692 0.026442307692307692 0.057692307692307696
2 0.3762019230769231 0.44350961538461536 0.028846153846153848 0.055288461538461536
2 0.47596153846153844 0.4495192307692308 0.026442307692307692 0.04567307692307692
2 0.5048076923076923 0.5817307692307693 0.04326923076923077 0.08173076923076923
2 0.6237980769230769 0.4699519230769231 0.03365384615384615 0.07932692307692307
2 0.5240384615384616 0.42427884615384615 0.028846153846153848 0.052884615384615384
2 0.5925480769230769 0.390625 0.026442307692307692 0.04567307692307692
2 0.6622596153846154 0.44591346153846156 0.026442307692307692 0.0673076923076923
2 0.9194711538461539 0.45552884615384615 0.021634615384615384 0.038461538461538464
0 0.140625 0.4074519230769231 0.038461538461538464 0.06009615384615385
2 0.203125 0.4206730769230769 0.03365384615384615 0.07451923076923077
2 0.17908653846153846 0.41466346153846156 0.026442307692307692 0.06009615384615385