1 0.140625 0.10096153846153846 0.06971153846153846 0.13942307692307693
1 0.030048076923076924 0.24278846153846154 0.052884615384615384 0.07932692307692307
1 0.2704326923076923 0.32211538461538464 0.05048076923076923 0.09375
0 0.37740384615384615 0.3137019230769231 0.036057692307692304 0.08653846153846154
1 0.4170673076923077 0.1310096153846154 0.057692307692307696 0.125
1 0.5300480769230769 0.15985576923076922 0.052884615384615384 0.09134615384615384
1 0.5096153846153846 0.21995192307692307 0.04567307692307692 0.08173076923076923
1 0.5841346153846154 0.25600961538461536 0.026442307692307692 0.07932692307692307
1 0.6598557692307693 0.22596153846153846 0.038461538461538464 0.11057692307692307
1 0.7079326923076923 0.22596153846153846 0.036057692307692304 0.09615384615384616
1 0.7716346153846154 0.2956730769230769 0.02403846153846154 0.057692307692307696
1 0.8149038461538461 0.23557692307692307 0.038461538461538464 0.07692307692307693
1 0.8930288461538461 0.2668269230769231 0.03125 0.0889423076923077
1 0.9266826923076923 0.2548076923076923 0.03365384615384615 0.09375