1 0.014423076923076924 0.10336538461538461 0.028846153846153848 0.06009615384615385
1 0.06971153846153846 0.140625 0.03125 0.0625
1 0.02283653846153846 0.23317307692307693 0.026442307692307692 0.03365384615384615
1 0.12379807692307693 0.04447115384615385 0.026442307692307692 0.052884615384615384
1 0.18870192307692307 0.07211538461538461 0.03365384615384615 0.06009615384615385
1 0.18389423076923078 0.26802884615384615 0.03365384615384615 0.06971153846153846
1 0.23317307692307693 0.24519230769230768 0.036057692307692304 0.06009615384615385
2 0.28966346153846156 0.1778846153846154 0.03125 0.0625
1 0.4074519230769231 0.21394230769230768 0.038461538461538464 0.057692307692307696
1 0.36177884615384615 0.30288461538461536 0.040865384615384616 0.06490384615384616
1 0.3401442307692308 0.38822115384615385 0.040865384615384616 0.0625
1 0.3004807692307692 0.4891826923076923 0.05048076923076923 0.055288461538461536
1 0.08533653846153846 0.5552884615384616 0.052884615384615384 0.0673076923076923
1 0.042067307692307696 0.4375 0.04326923076923077 0.0625
1 0.23076923076923078 0.8425480769230769 0.06009615384615385 0.07932692307692307
2 0.24759615384615385 0.6983173076923077 0.055288461538461536 0.06971153846153846
1 0.4891826923076923 0.6766826923076923 0.052884615384615384 0.09615384615384616
1 0.42788461538461536 0.9495192307692307 0.06009615384615385 0.08653846153846154
1 0.7391826923076923 0.7524038461538461 0.04567307692307692 0.07211538461538461
1 0.9110576923076923 0.8954326923076923 0.04807692307692308 0.07692307692307693
1 0.8665865384615384 0.5480769230769231 0.04326923076923077 0.0889423076923077
1 0.9050480769230769 0.4579326923076923 0.038461538461538464 0.08173076923076923
1 0.6814903846153846 0.49158653846153844 0.036057692307692304 0.07211538461538461
1 0.6153846153846154 0.25841346153846156 0.040865384615384616 0.07451923076923077
1 0.4495192307692308 0.5180288461538461 0.040865384615384616 0.07451923076923077
1 0.40625 0.40024038461538464 0.04567307692307692 0.07692307692307693
1 0.4699519230769231 0.28125 0.040865384615384616 0.05048076923076923
1 0.45072115384615385 0.09254807692307693 0.03365384615384615 0.0673076923076923
1 0.5036057692307693 0.04447115384615385 0.03365384615384615 0.057692307692307696
1 0.5576923076923077 0.1310096153846154 0.03365384615384615 0.0625
1 0.8581730769230769 0.2283653846153846 0.03365384615384615 0.07451923076923077
1 0.9759615384615384 0.3545673076923077 0.040865384615384616 0.07211538461538461
1 0.7512019230769231 0.390625 0.036057692307692304 0.04567307692307692
1 0.6742788461538461 0.26322115384615385 0.038461538461538464 0.052884615384615384
1 0.7127403846153846 0.21754807692307693 0.036057692307692304 0.04567307692307692
1 0.7067307692307693 0.10697115384615384 0.038461538461538464 0.036057692307692304
1 0.7451923076923077 0.1045673076923077 0.028846153846153848 0.057692307692307696
1 0.9206730769230769 0.1658653846153846 0.021634615384615384 0.07692307692307693
1 0.9651442307692307 0.09735576923076923 0.028846153846153848 0.055288461538461536
1 0.7091346153846154 0.015625 0.038461538461538464 0.03125
1 0.3425480769230769 0.03125 0.036057692307692304 0.036057692307692304