2 0.33413461538461536 0.5612980769230769 0.036057692307692304 0.1201923076923077
2 0.38822115384615385 0.5216346153846154 0.03125 0.07692307692307693
2 0.5769230769230769 0.53125 0.04807692307692308 0.07692307692307693
2 0.5012019230769231 0.39302884615384615 0.016826923076923076 0.040865384615384616
2 0.2704326923076923 0.4651442307692308 0.028846153846153848 0.06009615384615385
2 0.5697115384615384 0.36538461538461536 0.01201923076923077 0.04567307692307692
2 0.5973557692307693 0.44350961538461536 0.028846153846153848 0.06009615384615385
2 0.6394230769230769 0.3713942307692308 0.014423076923076924 0.038461538461538464
1 0.7752403846153846 0.3449519230769231 0.05048076923076923 0.09134615384615384
2 0.1658653846153846 0.35216346153846156 0.016826923076923076 0.040865384615384616
2 0.04447115384615385 0.3076923076923077 0.016826923076923076 0.03365384615384615
2 0.11658653846153846 0.36778846153846156 0.016826923076923076 0.03365384615384615
2 0.5504807692307693 0.26802884615384615 0.007211538461538462 0.016826923076923076
2 0.5276442307692307 0.27403846153846156 0.007211538461538462 0.014423076923076924
2 0.44591346153846156 0.34375 0.01201923076923077 0.03125
2 0.6622596153846154 0.3473557692307692 0.007211538461538462 0.02403846153846154