2 0.7512019230769231 0.28725961538461536 0.055288461538461536 0.125
2 0.7103365384615384 0.21033653846153846 0.036057692307692304 0.12259615384615384
2 0.6466346153846154 0.15384615384615385 0.05048076923076923 0.125
2 0.5841346153846154 0.13822115384615385 0.04326923076923077 0.11778846153846154
2 0.4735576923076923 0.10096153846153846 0.04567307692307692 0.11778846153846154
2 0.5360576923076923 0.2800480769230769 0.04567307692307692 0.11057692307692307
2 0.65625 0.3737980769230769 0.04567307692307692 0.11298076923076923
2 0.6129807692307693 0.5649038461538461 0.05048076923076923 0.13221153846153846
2 0.59375 0.7596153846153846 0.052884615384615384 0.0673076923076923
2 0.4951923076923077 0.6346153846153846 0.04807692307692308 0.12740384615384615
2 0.4014423076923077 0.65625 0.04807692307692308 0.13221153846153846
2 0.41947115384615385 0.36658653846153844 0.038461538461538464 0.09615384615384616
2 0.34375 0.23197115384615385 0.03365384615384615 0.1201923076923077
2 0.2704326923076923 0.17908653846153846 0.03365384615384615 0.11778846153846154
2 0.22355769230769232 0.41225961538461536 0.04326923076923077 0.11538461538461539
2 0.3161057692307692 0.4495192307692308 0.055288461538461536 0.11298076923076923
2 0.22235576923076922 0.6213942307692307 0.04567307692307692 0.1201923076923077
2 0.2704326923076923 0.7944711538461539 0.040865384615384616 0.14182692307692307
2 0.3161057692307692 0.8882211538461539 0.04326923076923077 0.17067307692307693