1 0.04807692307692308 0.5769230769230769 0.057692307692307696 0.11057692307692307
1 0.0889423076923077 0.7019230769230769 0.04807692307692308 0.11298076923076923
1 0.18028846153846154 0.5456730769230769 0.04567307692307692 0.13942307692307693
1 0.24639423076923078 0.6502403846153846 0.055288461538461536 0.1346153846153846
1 0.3317307692307692 0.5637019230769231 0.05048076923076923 0.10096153846153846
1 0.40865384615384615 0.6935096153846154 0.05048076923076923 0.11778846153846154
1 0.4795673076923077 0.546875 0.052884615384615384 0.12259615384615384
1 0.5480769230769231 0.625 0.06009615384615385 0.12259615384615384
1 0.6177884615384616 0.5540865384615384 0.055288461538461536 0.12980769230769232
1 0.6947115384615384 0.6670673076923077 0.052884615384615384 0.11298076923076923
1 0.7512019230769231 0.609375 0.052884615384615384 0.13221153846153846
1 0.8149038461538461 0.7151442307692307 0.052884615384615384 0.11298076923076923
1 0.8882211538461539 0.5865384615384616 0.052884615384615384 0.11298076923076923
1 0.9603365384615384 0.6514423076923077 0.052884615384615384 0.13221153846153846