1 0.15985576923076922 0.12379807692307693 0.05048076923076923 0.08653846153846154
1 0.33653846153846156 0.2283653846153846 0.021634615384615384 0.06490384615384616
1 0.48197115384615385 0.203125 0.02403846153846154 0.055288461538461536
1 0.6442307692307693 0.22716346153846154 0.01201923076923077 0.05048076923076923
0 0.5444711538461539 0.25 0.026442307692307692 0.06971153846153846
1 0.6923076923076923 0.3016826923076923 0.021634615384615384 0.04567307692307692
1 0.7295673076923077 0.3317307692307692 0.019230769230769232 0.040865384615384616
1 0.7980769230769231 0.3161057692307692 0.019230769230769232 0.038461538461538464
1 0.875 0.37259615384615385 0.007211538461538462 0.028846153846153848
1 0.9338942307692307 0.35096153846153844 0.01201923076923077 0.038461538461538464
1 0.9879807692307693 0.36899038461538464 0.019230769230769232 0.028846153846153848