1 0.25600961538461536 0.5288461538461539 0.057692307692307696 0.08653846153846154
0 0.09495192307692307 0.47716346153846156 0.03125 0.06971153846153846
1 0.07211538461538461 0.31009615384615385 0.038461538461538464 0.0673076923076923
1 0.5637019230769231 0.6033653846153846 0.052884615384615384 0.06490384615384616
1 0.6550480769230769 0.6538461538461539 0.055288461538461536 0.09615384615384616
1 0.3605769230769231 0.5120192307692307 0.04567307692307692 0.0889423076923077
1 0.5036057692307693 0.5084134615384616 0.03125 0.08173076923076923
1 0.13341346153846154 0.32091346153846156 0.038461538461538464 0.06490384615384616
1 0.24879807692307693 0.2247596153846154 0.03365384615384615 0.038461538461538464
1 0.34615384615384615 0.29447115384615385 0.04326923076923077 0.05048076923076923
1 0.296875 0.38221153846153844 0.040865384615384616 0.07451923076923077
1 0.22235576923076922 0.3173076923076923 0.040865384615384616 0.052884615384615384
1 0.09975961538461539 0.1622596153846154 0.02403846153846154 0.055288461538461536
1 0.7139423076923077 0.4254807692307692 0.04326923076923077 0.07211538461538461
1 0.7524038461538461 0.6622596153846154 0.038461538461538464 0.09615384615384616
1 0.8233173076923077 0.5168269230769231 0.040865384615384616 0.07692307692307693
1 0.47716346153846156 0.26802884615384615 0.03365384615384615 0.05048076923076923
1 0.5432692307692307 0.28125 0.03125 0.06009615384615385
1 0.6201923076923077 0.22596153846153846 0.03365384615384615 0.06009615384615385
1 0.6634615384615384 0.3605769230769231 0.03365384615384615 0.057692307692307696
1 0.875 0.5024038461538461 0.03125 0.06490384615384616
1 0.9266826923076923 0.390625 0.03365384615384615 0.07211538461538461
1 0.8389423076923077 0.30528846153846156 0.026442307692307692 0.057692307692307696
1 0.7836538461538461 0.28125 0.040865384615384616 0.052884615384615384