1 0.051682692307692304 0.2764423076923077 0.06490384615384616 0.08173076923076923
1 0.18870192307692307 0.2512019230769231 0.04567307692307692 0.06009615384615385
1 0.2668269230769231 0.24519230769230768 0.04326923076923077 0.0673076923076923
1 0.41225961538461536 0.23076923076923078 0.052884615384615384 0.07692307692307693
1 0.5204326923076923 0.27524038461538464 0.052884615384615384 0.06009615384615385
1 0.5817307692307693 0.33413461538461536 0.057692307692307696 0.0985576923076923
1 0.6983173076923077 0.3629807692307692 0.06490384615384616 0.13701923076923078
1 0.8052884615384616 0.3329326923076923 0.05048076923076923 0.0985576923076923
1 0.9278846153846154 0.42908653846153844 0.09615384615384616 0.14903846153846154
1 0.8125 0.1778846153846154 0.03365384615384615 0.0625
1 0.5252403846153846 0.15985576923076922 0.038461538461538464 0.06009615384615385
1 0.45913461538461536 0.22355769230769232 0.03125 0.07692307692307693
2 0.671875 0.20072115384615385 0.04807692307692308 0.09375
2 0.8653846153846154 0.41586538461538464 0.04326923076923077 0.09375