1 0.13221153846153846 0.5600961538461539 0.04807692307692308 0.08413461538461539
1 0.25841346153846156 0.5396634615384616 0.057692307692307696 0.0889423076923077
1 0.48197115384615385 0.39783653846153844 0.040865384615384616 0.07932692307692307
1 0.5769230769230769 0.5769230769230769 0.052884615384615384 0.1201923076923077
1 0.24759615384615385 0.2439903846153846 0.055288461538461536 0.07692307692307693
1 0.1971153846153846 0.1935096153846154 0.038461538461538464 0.07932692307692307
1 0.6466346153846154 0.25721153846153844 0.036057692307692304 0.06971153846153846
1 0.8112980769230769 0.4326923076923077 0.040865384615384616 0.0889423076923077
1 0.6538461538461539 0.8353365384615384 0.0985576923076923 0.20192307692307693
1 0.27283653846153844 0.7632211538461539 0.04807692307692308 0.08173076923076923
1 0.11658653846153846 0.8701923076923077 0.0673076923076923 0.10336538461538461
1 0.9411057692307693 0.6069711538461539 0.057692307692307696 0.0889423076923077
1 0.35336538461538464 0.29086538461538464 0.036057692307692304 0.06971153846153846