1 0.2620192307692308 0.6490384615384616 0.04326923076923077 0.0889423076923077
1 0.359375 0.6826923076923077 0.06009615384615385 0.10336538461538461
1 0.5024038461538461 0.7403846153846154 0.0625 0.10817307692307693
1 0.6021634615384616 0.8497596153846154 0.06490384615384616 0.12259615384615384
1 0.7367788461538461 0.6574519230769231 0.0673076923076923 0.12740384615384615
1 0.8245192307692307 0.7572115384615384 0.0625 0.125
1 0.9326923076923077 0.75 0.06490384615384616 0.12980769230769232
1 0.8617788461538461 0.5745192307692307 0.057692307692307696 0.11778846153846154
1 0.9435096153846154 0.4483173076923077 0.04326923076923077 0.0985576923076923
1 0.21514423076923078 0.5144230769230769 0.052884615384615384 0.10336538461538461
1 0.042067307692307696 0.421875 0.04567307692307692 0.0985576923076923
1 0.20552884615384615 0.35336538461538464 0.052884615384615384 0.09615384615384616
1 0.296875 0.4026442307692308 0.05048076923076923 0.0889423076923077
1 0.3713942307692308 0.48677884615384615 0.05048076923076923 0.09375
1 0.4387019230769231 0.5192307692307693 0.04807692307692308 0.0985576923076923
1 0.6009615384615384 0.41466346153846156 0.055288461538461536 0.10096153846153846
1 0.6646634615384616 0.4326923076923077 0.05048076923076923 0.10576923076923077
1 0.765625 0.5360576923076923 0.036057692307692304 0.10576923076923077
1 0.8076923076923077 0.5805288461538461 0.052884615384615384 0.10817307692307693
1 0.7692307692307693 0.2764423076923077 0.04567307692307692 0.10096153846153846
1 0.9002403846153846 0.3473557692307692 0.055288461538461536 0.09375
1 0.9663461538461539 0.3137019230769231 0.04807692307692308 0.09375
1 0.59375 0.6310096153846154 0.0625 0.09615384615384616
1 0.5192307692307693 0.34134615384615385 0.038461538461538464 0.0985576923076923
1 0.5564903846153846 0.36899038461538464 0.03365384615384615 0.10817307692307693
1 0.6237980769230769 0.2980769230769231 0.04567307692307692 0.0889423076923077
1 0.5024038461538461 0.20072115384615385 0.040865384615384616 0.08173076923076923
1 0.25721153846153844 0.18389423076923078 0.04326923076923077 0.08413461538461539
1 0.11057692307692307 0.3293269230769231 0.040865384615384616 0.08173076923076923
1 0.07572115384615384 0.296875 0.036057692307692304 0.07932692307692307
1 0.9206730769230769 0.23557692307692307 0.04326923076923077 0.08653846153846154
1 0.953125 0.16706730769230768 0.04807692307692308 0.07692307692307693
1 0.4699519230769231 0.039663461538461536 0.04326923076923077 0.06971153846153846
2 0.5384615384615384 0.07091346153846154 0.04326923076923077 0.08173076923076923
1 0.6790865384615384 0.04927884615384615 0.040865384615384616 0.07932692307692307
2 0.8677884615384616 0.09014423076923077 0.026442307692307692 0.07932692307692307
2 0.2956730769230769 0.13701923076923078 0.03365384615384615 0.07932692307692307
2 0.3557692307692308 0.020432692307692308 0.026442307692307692 0.040865384615384616
1 0.7271634615384616 0.4879807692307692 0.036057692307692304 0.10336538461538461
1 0.36778846153846156 0.33413461538461536 0.04326923076923077 0.07932692307692307
1 0.4206730769230769 0.3581730769230769 0.040865384615384616 0.08413461538461539
1 0.47115384615384615 0.3389423076923077 0.04326923076923077 0.07211538461538461
1 0.11298076923076923 0.1310096153846154 0.040865384615384616 0.06490384615384616
1 0.5192307692307693 0.6057692307692307 0.0625 0.06971153846153846
1 0.08173076923076923 0.4987980769230769 0.028846153846153848 0.09375
1 0.32572115384615385 0.2932692307692308 0.036057692307692304 0.07451923076923077
1 0.12740384615384615 0.5192307692307693 0.03125 0.08653846153846154
1 0.7319711538461539 0.17668269230769232 0.038461538461538464 0.08653846153846154
0 0.5528846153846154 0.25961538461538464 0.04326923076923077 0.07211538461538461
0 0.6670673076923077 0.30649038461538464 0.016826923076923076 0.07932692307692307
1 0.8317307692307693 0.08173076923076923 0.03365384615384615 0.06490384615384616
2 0.5853365384615384 0.02283653846153846 0.03365384615384615 0.04567307692307692
1 0.25961538461538464 0.08653846153846154 0.03365384615384615 0.07451923076923077
1 0.0673076923076923 0.08774038461538461 0.026442307692307692 0.08413461538461539
0 0.027644230769230768 0.05889423076923077 0.038461538461538464 0.0889423076923077
1 0.3918269230769231 0.14182692307692307 0.03125 0.06009615384615385
1 0.23677884615384615 0.025240384615384616 0.040865384615384616 0.04807692307692308
1 0.18990384615384615 0.16346153846153846 0.026442307692307692 0.06009615384615385
1 0.9507211538461539 0.9543269230769231 0.07211538461538461 0.07451923076923077
1 0.42908653846153844 0.7608173076923077 0.04807692307692308 0.09615384615384616
2 0.6754807692307693 0.19831730769230768 0.021634615384615384 0.08413461538461539
1 0.8028846153846154 0.0829326923076923 0.028846153846153848 0.06971153846153846