1 0.5120192307692307 0.2548076923076923 0.040865384615384616 0.08653846153846154
1 0.6766826923076923 0.25721153846153844 0.03365384615384615 0.07692307692307693
1 0.8125 0.21634615384615385 0.040865384615384616 0.0985576923076923
1 0.7319711538461539 0.2548076923076923 0.021634615384615384 0.08173076923076923
1 0.9134615384615384 0.19591346153846154 0.038461538461538464 0.08173076923076923
1 0.9651442307692307 0.3629807692307692 0.038461538461538464 0.0673076923076923
2 0.9471153846153846 0.21634615384615385 0.028846153846153848 0.07692307692307693
1 0.5673076923076923 0.2127403846153846 0.040865384615384616 0.07932692307692307
1 0.4543269230769231 0.18629807692307693 0.04326923076923077 0.06971153846153846
1 0.39903846153846156 0.2776442307692308 0.036057692307692304 0.07451923076923077
1 0.3233173076923077 0.26802884615384615 0.038461538461538464 0.07692307692307693
1 0.2548076923076923 0.31971153846153844 0.03365384615384615 0.07692307692307693
1 0.28966346153846156 0.09975961538461539 0.036057692307692304 0.08413461538461539
1 0.35336538461538464 0.1502403846153846 0.040865384615384616 0.07451923076923077
1 0.13822115384615385 0.21033653846153846 0.040865384615384616 0.08413461538461539
1 0.07572115384615384 0.23076923076923078 0.03365384615384615 0.07451923076923077
1 0.17548076923076922 0.2512019230769231 0.03125 0.052884615384615384
1 0.020432692307692308 0.3016826923076923 0.040865384615384616 0.10336538461538461
1 0.4951923076923077 0.10576923076923077 0.028846153846153848 0.057692307692307696