1 0.5889423076923077 0.5528846153846154 0.13221153846153846 0.18990384615384615
1 0.8137019230769231 0.6646634615384616 0.10336538461538461 0.22596153846153846
1 0.3473557692307692 0.5709134615384616 0.10096153846153846 0.19230769230769232
1 0.14182692307692307 0.30408653846153844 0.07692307692307693 0.13942307692307693
1 0.2644230769230769 0.13942307692307693 0.040865384615384616 0.07451923076923077
1 0.8509615384615384 0.2127403846153846 0.052884615384615384 0.10096153846153846
1 0.7836538461538461 0.057692307692307696 0.040865384615384616 0.06490384615384616
1 0.7956730769230769 0.15264423076923078 0.038461538461538464 0.07211538461538461
1 0.45072115384615385 0.5408653846153846 0.06971153846153846 0.1346153846153846
1 0.04567307692307692 0.31971153846153844 0.08173076923076923 0.06490384615384616
2 0.5889423076923077 0.21033653846153846 0.052884615384615384 0.09375
2 0.2692307692307692 0.33774038461538464 0.08173076923076923 0.1346153846153846
2 0.15384615384615385 0.7403846153846154 0.09615384615384616 0.16105769230769232
2 0.359375 0.28725961538461536 0.0625 0.11778846153846154
2 0.4735576923076923 0.07451923076923077 0.028846153846153848 0.07211538461538461
0 0.6538461538461539 0.11057692307692307 0.036057692307692304 0.04807692307692308
0 0.453125 0.22956730769230768 0.06009615384615385 0.11057692307692307
1 0.12139423076923077 0.08774038461538461 0.028846153846153848 0.0625
1 0.037259615384615384 0.15144230769230768 0.038461538461538464 0.0985576923076923
2 0.07692307692307693 0.14182692307692307 0.03125 0.04807692307692308
1 0.7536057692307693 0.4230769230769231 0.06971153846153846 0.09615384615384616
1 0.4963942307692308 0.3545673076923077 0.036057692307692304 0.12740384615384615