2 0.7860576923076923 0.2536057692307692 0.040865384615384616 0.06971153846153846
2 0.6550480769230769 0.26322115384615385 0.04326923076923077 0.07451923076923077
2 0.5420673076923077 0.24759615384615385 0.038461538461538464 0.07451923076923077
2 0.4170673076923077 0.2608173076923077 0.040865384615384616 0.06490384615384616
2 0.30649038461538464 0.2512019230769231 0.036057692307692304 0.0625
2 0.17307692307692307 0.2824519230769231 0.038461538461538464 0.07211538461538461
2 0.20673076923076922 0.5252403846153846 0.04326923076923077 0.07451923076923077
2 0.35096153846153844 0.5564903846153846 0.038461538461538464 0.07451923076923077
2 0.53125 0.5528846153846154 0.03365384615384615 0.06971153846153846
2 0.6862980769230769 0.5408653846153846 0.03365384615384615 0.07932692307692307
2 0.8569711538461539 0.5540865384615384 0.040865384615384616 0.06490384615384616