2 0.5084134615384616 0.2764423076923077 0.03365384615384615 0.07692307692307693
2 0.6045673076923077 0.265625 0.028846153846153848 0.06490384615384616
2 0.6947115384615384 0.2956730769230769 0.028846153846153848 0.055288461538461536
2 0.7896634615384616 0.2920673076923077 0.03365384615384615 0.06009615384615385
2 0.8617788461538461 0.5925480769230769 0.040865384615384616 0.0625
2 0.7319711538461539 0.5805288461538461 0.03365384615384615 0.06490384615384616
2 0.5745192307692307 0.5817307692307693 0.038461538461538464 0.0625
2 0.4543269230769231 0.5721153846153846 0.03365384615384615 0.0673076923076923
2 0.30288461538461536 0.5709134615384616 0.040865384615384616 0.057692307692307696
2 0.4098557692307692 0.2764423076923077 0.028846153846153848 0.0625
2 0.3161057692307692 0.2824519230769231 0.028846153846153848 0.0673076923076923
2 0.21153846153846154 0.265625 0.04326923076923077 0.07211538461538461
2 0.09615384615384616 0.2776442307692308 0.040865384615384616 0.07451923076923077
2 0.1622596153846154 0.5733173076923077 0.04326923076923077 0.0673076923076923