1 0.0985576923076923 0.5480769230769231 0.12740384615384615 0.22115384615384615
1 0.3112980769230769 0.48677884615384615 0.0889423076923077 0.1466346153846154
1 0.4723557692307692 0.3762019230769231 0.0673076923076923 0.0985576923076923
1 0.7632211538461539 0.359375 0.07211538461538461 0.09375
1 0.41947115384615385 0.2692307692307692 0.036057692307692304 0.09375
2 0.34615384615384615 0.265625 0.016826923076923076 0.07932692307692307
1 0.6129807692307693 0.3233173076923077 0.040865384615384616 0.07211538461538461
1 0.5649038461538461 0.3004807692307692 0.04326923076923077 0.07451923076923077
2 0.7451923076923077 0.203125 0.040865384615384616 0.052884615384615384
1 0.9639423076923077 0.2932692307692308 0.04326923076923077 0.05048076923076923
1 0.875 0.23918269230769232 0.028846153846153848 0.052884615384615384
1 0.8257211538461539 0.23798076923076922 0.028846153846153848 0.04567307692307692