1 0.8028846153846154 0.47596153846153844 0.02403846153846154 0.05048076923076923
1 0.8365384615384616 0.46875 0.014423076923076924 0.028846153846153848
1 0.8918269230769231 0.47475961538461536 0.01201923076923077 0.03365384615384615
1 0.5240384615384616 0.4639423076923077 0.019230769230769232 0.04326923076923077
1 0.6045673076923077 0.4807692307692308 0.014423076923076924 0.036057692307692304
1 0.6526442307692307 0.484375 0.019230769230769232 0.04807692307692308
1 0.7235576923076923 0.4735576923076923 0.019230769230769232 0.040865384615384616
1 0.6826923076923077 0.46153846153846156 0.016826923076923076 0.036057692307692304
1 0.6995192307692307 0.48677884615384615 0.014423076923076924 0.03365384615384615
1 0.6322115384615384 0.48197115384615385 0.019230769230769232 0.036057692307692304
1 0.42788461538461536 0.46274038461538464 0.019230769230769232 0.04326923076923077
1 0.40625 0.4891826923076923 0.02403846153846154 0.038461538461538464
1 0.3137019230769231 0.48677884615384615 0.016826923076923076 0.03365384615384615
1 0.1814903846153846 0.47475961538461536 0.01201923076923077 0.028846153846153848
1 0.2608173076923077 0.48677884615384615 0.009615384615384616 0.02403846153846154
1 0.3557692307692308 0.49278846153846156 0.009615384615384616 0.026442307692307692
1 0.3701923076923077 0.484375 0.009615384615384616 0.026442307692307692
1 0.48677884615384615 0.4795673076923077 0.014423076923076924 0.036057692307692304
1 0.5600961538461539 0.4951923076923077 0.014423076923076924 0.028846153846153848