2 0.6057692307692307 0.3125 0.04567307692307692 0.07451923076923077
2 0.7211538461538461 0.34375 0.038461538461538464 0.08653846153846154
2 0.9158653846153846 0.39903846153846156 0.038461538461538464 0.06971153846153846
2 0.8341346153846154 0.2668269230769231 0.038461538461538464 0.07451923076923077
2 0.9399038461538461 0.2644230769230769 0.036057692307692304 0.07692307692307693
2 0.8798076923076923 0.1466346153846154 0.052884615384615384 0.07451923076923077
2 0.78125 0.15625 0.040865384615384616 0.07211538461538461
2 0.6947115384615384 0.12379807692307693 0.036057692307692304 0.07692307692307693
2 0.671875 0.2091346153846154 0.040865384615384616 0.07451923076923077
2 0.5564903846153846 0.10216346153846154 0.04326923076923077 0.07932692307692307
2 0.4987980769230769 0.203125 0.04567307692307692 0.07451923076923077
2 0.46875 0.28966346153846156 0.05048076923076923 0.07692307692307693
2 0.4074519230769231 0.13221153846153846 0.052884615384615384 0.08173076923076923
2 0.3545673076923077 0.19110576923076922 0.055288461538461536 0.08173076923076923
2 0.3485576923076923 0.34134615384615385 0.055288461538461536 0.08413461538461539
2 0.1814903846153846 0.5132211538461539 0.04326923076923077 0.07211538461538461
2 0.0829326923076923 0.20192307692307693 0.052884615384615384 0.08173076923076923
2 0.028846153846153848 0.27163461538461536 0.04567307692307692 0.06971153846153846
2 0.18028846153846154 0.22716346153846154 0.03125 0.07211538461538461